fair-bench: 1 MB-class buffer = 1024 KB, adaptive 10-20 runs x 10 reps (top-2 within 5% stops), ph table-G=128 KB, BLK=8192
columns: enc(opaque prebuilt)  dec(opaque prebuilt)  MB/s | ratio(op pb) | builds/1MB

== proba80          ==        enc_op  enc_pb   dec_op  dec_pb |  r_op  r_pb | blds
ph       |    1683    8892 |   35663   40618 |  6.29  6.32 |   8
pha      |    1255    3114 |    5303    5423 |  8.45  8.51 |   8
ph_naive |    1669    8306 |   35538   40814 |  6.29  6.32 |   8
ph_flat  |    1672    8353 |   35838   39973 |  6.29  6.32 |   8
td_naive |     292     340 |     357     356 |  6.35  6.39 |   8
td_scl_opt |     346     417 |     840     840 |  6.29  6.32 |   8
td_nv_simd |     292     339 |    2763    2763 |  6.35  6.39 |   8
td_simdopt |    1633    7772 |    8919    8911 |  6.31  6.35 |   8
huf0     |    1148     -   |    1946     -   |  6.40   -   |   8
huf0_4x2 |    1149    2062 |    1964    1997 |  6.40  6.40 |   8
fse_stk  |     575     756 |     538     547 |  8.86  8.86 |   8
fse_x8y1 |     353     756 |     530     548 |  8.86  8.86 |   8

== english          ==        enc_op  enc_pb   dec_op  dec_pb |  r_op  r_pb | blds
ph       |    1543    3061 |    9396   10057 |  1.86  1.87 |   8
pha      |    1529    3054 |    9402   10148 |  1.86  1.87 |   8
ph_naive |    1382    2529 |    5475    5739 |  1.85  1.85 |   8
ph_flat  |    1405    2578 |    7104    7502 |  1.86  1.86 |   8
td_naive |      47      48 |      57      57 |  1.87  1.88 |   8
td_scl_opt |     103     107 |     106     106 |  1.86  1.87 |   8
td_nv_simd |      47      48 |    1755    1759 |  1.87  1.88 |   8
td_simdopt |    1423    2799 |    3213    3224 |  1.87  1.87 |   8
huf0     |    1314     -   |    1892     -   |  1.88   -   |   8
huf0_4x2 |    1311    2076 |    1868    1936 |  1.88  1.88 |   8
fse_stk  |     620     755 |     526     531 |  1.89  1.89 |   8
fse_x8y1 |     711     966 |    1335    1401 |  1.89  1.89 |   8

== html_wiki        ==        enc_op  enc_pb   dec_op  dec_pb |  r_op  r_pb | blds
ph       |    1039    2066 |    5719    6178 |  1.41  1.40 |   8
pha      |    1025    2059 |    5730    6171 |  1.41  1.40 |   8
ph_naive |     600     899 |    1457    1577 |  1.33  1.32 |   8
ph_flat  |     970    1887 |    4323    4923 |  1.40  1.40 |   8
td_naive |      36      37 |      44      44 |  1.40  1.40 |   8
td_scl_opt |      79      84 |      78      78 |  1.41  1.40 |   8
td_nv_simd |      36      37 |    1007    1001 |  1.40  1.40 |   8
td_simdopt |     880    2005 |    2518    2515 |  1.41  1.41 |   8
huf0     |    1290     -   |    1623     -   |  1.44   -   |   8
huf0_4x2 |    1289    2068 |    1501    1560 |  1.44  1.44 |   8
fse_stk  |     617     750 |     524     531 |  1.45  1.46 |   8
fse_x8y1 |     732     965 |    1328    1399 |  1.45  1.46 |   8

== prose_pride      ==        enc_op  enc_pb   dec_op  dec_pb |  r_op  r_pb | blds
ph       |    1223    2477 |    5719    7061 |  1.72  1.72 |   8
pha      |    1135    2167 |    5714    7073 |  1.72  1.72 |   8
ph_naive |     899    1454 |    2523    2760 |  1.67  1.66 |   8
ph_flat  |    1178    2281 |    4888    5834 |  1.71  1.71 |   8
td_naive |      44      44 |      53      53 |  1.73  1.72 |   8
td_scl_opt |      76      78 |      76      74 |  1.72  1.72 |   8
td_nv_simd |      44      44 |    1365    1378 |  1.73  1.72 |   8
td_simdopt |    1098    2394 |    2612    2610 |  1.73  1.72 |   8
huf0     |    1302     -   |    1785     -   |  1.74   -   |   8
huf0_4x2 |    1303    2074 |    1745    1812 |  1.74  1.74 |   8
fse_stk  |     618     751 |     525     531 |  1.76  1.76 |   8
fse_x8y1 |     699     966 |    1331    1401 |  1.76  1.76 |   8

== image_jpeg       ==        enc_op  enc_pb   dec_op  dec_pb |  r_op  r_pb | blds
ph       |    1133    2463 |    6644    6723 |  1.00  1.00 |   8
pha      |    1132    2466 |    6647    6737 |  1.00  1.00 |   8
ph_naive |     446     606 |     863     920 |  0.94  0.94 |   8
ph_flat  |     917    1672 |    3642    3779 |  1.00  1.00 |   8
td_naive |      25      26 |      30      30 |  1.00  1.00 |   8
td_scl_opt |     107     107 |     112     103 |  1.00  1.00 |   8
td_nv_simd |      25      26 |     701     699 |  1.00  1.00 |   8
td_simdopt |     866    2282 |    2373    2298 |  1.01  1.01 |   8
huf0     |    1242     -   |    1140     -   |  1.01   -   |   8
huf0_4x2 |    1239    2056 |     987    1007 |  1.01  1.01 |   8
fse_stk  |     616     747 |     524     530 |  1.01  1.01 |   8
fse_x8y1 |     730     964 |    1316    1396 |  1.01  1.01 |   8

== json_api         ==        enc_op  enc_pb   dec_op  dec_pb |  r_op  r_pb | blds
ph       |    1159    2111 |    4896    5439 |  1.51  1.51 |   8
pha      |    1114    2008 |    4904    5477 |  1.51  1.51 |   8
ph_naive |     833    1287 |    2192    2345 |  1.46  1.46 |   8
ph_flat  |    1067    1876 |    4027    4403 |  1.50  1.50 |   8
td_naive |      38      39 |      46      46 |  1.51  1.51 |   8
td_scl_opt |      74      77 |      73      74 |  1.51  1.51 |   8
td_nv_simd |      38      39 |    1241    1238 |  1.51  1.51 |   8
td_simdopt |    1029    2053 |    2510    2536 |  1.51  1.51 |   8
huf0     |    1305     -   |    1707     -   |  1.53   -   |   8
huf0_4x2 |    1308    2066 |    1599    1658 |  1.53  1.53 |   8
fse_stk  |     618     747 |     525     531 |  1.53  1.54 |   8
fse_x8y1 |     718     966 |    1332    1400 |  1.54  1.54 |   8

== dna_fasta        ==        enc_op  enc_pb   dec_op  dec_pb |  r_op  r_pb | blds
ph       |    1713    5363 |   15306   16691 |  3.49  3.49 |   8
pha      |    1564    3905 |    6645    6935 |  3.76  3.77 |   8
ph_naive |    1692    5240 |   14696   16048 |  3.48  3.49 |   8
ph_flat  |    1711    5388 |   15025   16335 |  3.49  3.49 |   8
td_naive |      91      95 |     114     114 |  3.51  3.52 |   8
td_scl_opt |     124     130 |     145     146 |  3.49  3.49 |   8
td_nv_simd |      91      95 |    2353    2344 |  3.51  3.52 |   8
td_simdopt |    1672    5142 |    3073    3059 |  3.50  3.51 |   8
huf0     |    1308     -   |    1934     -   |  3.53   -   |   8
huf0_4x2 |    1311    2079 |    1955    2012 |  3.53  3.53 |   8
fse_stk  |     618     751 |     526     532 |  3.83  3.83 |   8
fse_x8y1 |     633     967 |    1326    1401 |  3.83  3.83 |   8

== chinese_text     ==        enc_op  enc_pb   dec_op  dec_pb |  r_op  r_pb | blds
ph       |    1145    2184 |    5579    5946 |  1.34  1.33 |   8
pha      |    1053    1751 |    5064    4380 |  1.34  1.34 |   8
ph_naive |     748    1110 |    1912    2023 |  1.29  1.28 |   8
ph_flat  |    1036    1828 |    4072    4372 |  1.33  1.32 |   8
td_naive |      34      35 |      41      41 |  1.34  1.33 |   8
td_scl_opt |      83      81 |      82      77 |  1.34  1.33 |   8
td_nv_simd |      34      35 |    1141    1134 |  1.34  1.33 |   8
td_simdopt |     996    2155 |    2518    2438 |  1.34  1.33 |   8
huf0     |    1296     -   |    1500     -   |  1.36   -   |   8
huf0_4x2 |    1293    2061 |    1321    1354 |  1.36  1.36 |   8
fse_stk  |     618     746 |     525     531 |  1.37  1.37 |   8
fse_x8y1 |     731     965 |    1328    1399 |  1.37  1.37 |   8

== calgary_pic      ==        enc_op  enc_pb   dec_op  dec_pb |  r_op  r_pb | blds
ph       |    1158    4532 |    9542   13425 |  4.60  4.57 |   8
pha      |     987    2650 |    4815    5686 |  6.13  6.07 |   8
ph_naive |     814    1660 |    2820    2965 |  4.12  3.99 |   8
ph_flat  |    1119    3789 |    7191    8346 |  4.57  4.52 |   8
td_naive |     172     200 |     215     215 |  4.63  4.59 |   8
td_scl_opt |     254     326 |     419     441 |  4.60  4.58 |   8
td_nv_simd |     172     200 |    1645    1628 |  4.63  4.59 |   8
td_simdopt |    1011    5013 |    7942    8187 |  4.65  4.62 |   8
huf0     |    1084     -   |    1880     -   |  4.79   -   |   8
huf0_4x2 |    1083    2050 |    1901    1972 |  4.79  4.78 |   8
fse_stk  |     560     756 |     536     548 |  6.42  6.50 |   8
fse_x8y1 |     339     755 |     528     548 |  6.49  6.50 |   8

