fair-bench: buffer >= 1024 KB (real-file dists may be larger), adaptive 20-40 runs x 20 reps (top-2 within 2% stops), ph table-G=128 KB, BLK=8192
columns: enc(opaque prebuilt)  dec(opaque prebuilt)  MB/s | ratio(op pb) | builds/1MB

== proba80          == n=1024 KB enc_op  enc_pb   dec_op  dec_pb |  r_op  r_pb | blds
ph       |    1683    8512 |   37430   43227 |  6.29  6.32 |   8
pha      |    1275    3238 |    5373    5484 |  8.45  8.51 |   8
ph_naive |    1708    9121 |   37601   43346 |  6.29  6.32 |   8
ph_flat  |    1704    9149 |   37101   43392 |  6.29  6.32 |   8
td_naive |     289     338 |     347     348 |  6.35  6.39 |   8
td_scl_opt |     344     414 |     836     836 |  6.29  6.32 |   8
td_nv_simd |     289     337 |    2680    2681 |  6.35  6.39 |   8
td_simdopt |    1659    8423 |    8873    8866 |  6.31  6.35 |   8
huf0     |    1147     -   |    1940     -   |  6.40   -   |   8
huf0_4x2 |    1146    2066 |    1970    1999 |  6.40  6.40 |   8
fse_stk  |     572     753 |     536     545 |  8.86  8.86 |   8
fse_x8y1 |     351     752 |     528     546 |  8.86  8.86 |   8

== english          == n=1024 KB enc_op  enc_pb   dec_op  dec_pb |  r_op  r_pb | blds
ph       |    1600    3257 |    9688   10429 |  1.86  1.87 |   8
pha      |    1593    3226 |    9753   10443 |  1.86  1.87 |   8
ph_naive |    1446    2699 |    5690    6022 |  1.85  1.85 |   8
ph_flat  |    1466    2719 |    7287    7727 |  1.86  1.86 |   8
td_naive |      47      48 |      57      57 |  1.87  1.88 |   8
td_scl_opt |     103     107 |     105     105 |  1.86  1.87 |   8
td_nv_simd |      47      48 |    1669    1673 |  1.87  1.88 |   8
td_simdopt |    1474    2979 |    3180    3192 |  1.87  1.87 |   8
huf0     |    1309     -   |    1888     -   |  1.88   -   |   8
huf0_4x2 |    1309    2075 |    1877    1944 |  1.88  1.88 |   8
fse_stk  |     618     752 |     524     529 |  1.89  1.89 |   8
fse_x8y1 |     721     986 |    1297    1366 |  1.89  1.89 |   8

== html_wiki        == n=2048 KB enc_op  enc_pb   dec_op  dec_pb |  r_op  r_pb | blds
ph       |    1115    2194 |    4743    5461 |  1.45  1.40 |  16
pha      |    1034    1846 |    4488    4902 |  1.45  1.41 |  16
ph_naive |     763    1131 |    1927    1968 |  1.40  1.35 |  16
ph_flat  |    1057    1993 |    4024    4524 |  1.45  1.40 |  16
td_naive |      52      55 |      62      63 |  1.46  1.41 |  16
td_scl_opt |     112     127 |     109     117 |  1.45  1.40 |  16
td_nv_simd |      52      55 |    1137    1095 |  1.46  1.41 |  16
td_simdopt |     948    2037 |    2435    2466 |  1.46  1.41 |  16
huf0     |    1259     -   |    1562     -   |  1.47   -   |  16
huf0_4x2 |    1261    2048 |    1474    1507 |  1.47  1.44 |  16
fse_stk  |     611     743 |     521     529 |  1.48  1.46 |  16
fse_x8y1 |     723     959 |    1295    1361 |  1.48  1.46 |  16

== prose_pride      == n=1536 KB enc_op  enc_pb   dec_op  dec_pb |  r_op  r_pb | blds
ph       |    1277    2620 |    5474    6631 |  1.72  1.72 |  12
pha      |    1198    2285 |    5397    6130 |  1.72  1.72 |  12
ph_naive |     944    1511 |    2601    2782 |  1.68  1.66 |  12
ph_flat  |    1232    2383 |    4810    5374 |  1.72  1.71 |  12
td_naive |      46      47 |      55      55 |  1.73  1.72 |  12
td_scl_opt |      83      83 |      81      77 |  1.72  1.72 |  12
td_nv_simd |      46      47 |    1354    1349 |  1.73  1.72 |  12
td_simdopt |    1112    2390 |    2642    2537 |  1.73  1.72 |  12
huf0     |    1282     -   |    1766     -   |  1.75   -   |  12
huf0_4x2 |    1276    2067 |    1731    1793 |  1.75  1.74 |  12
fse_stk  |     613     746 |     522     528 |  1.76  1.76 |  12
fse_x8y1 |     705     960 |    1303    1367 |  1.76  1.76 |  12

== image_jpeg       == n=1152 KB enc_op  enc_pb   dec_op  dec_pb |  r_op  r_pb | blds
ph       |    1137    2253 |    6256    5264 |  1.01  1.00 |   9
pha      |    1045    1986 |    5276    4646 |  1.01  1.01 |   9
ph_naive |     447     607 |     850     906 |  0.94  0.94 |   9
ph_flat  |     983    1986 |    4038    4520 |  1.00  1.00 |   9
td_naive |      26      26 |      31      31 |  1.00  1.00 |   9
td_scl_opt |     109     102 |     114      98 |  1.01  1.00 |   9
td_nv_simd |      26      26 |     682     679 |  1.00  1.00 |   9
td_simdopt |     868    2158 |    2321    2203 |  1.01  1.01 |   9
huf0       (n/a)
huf0_4x2   (n/a)
fse_stk    (n/a)
fse_x8y1 |     721     960 |    1290    1364 |  1.01  1.01 |   9

== json_api         == n=1152 KB enc_op  enc_pb   dec_op  dec_pb |  r_op  r_pb | blds
ph       |    1194    2352 |    4807    5933 |  1.51  1.51 |   9
pha      |    1142    2060 |    4779    5948 |  1.51  1.51 |   9
ph_naive |     872    1344 |    2267    2402 |  1.47  1.47 |   9
ph_flat  |    1113    2027 |    3971    4616 |  1.51  1.51 |   9
td_naive |      63      66 |      74      74 |  1.52  1.52 |   9
td_scl_opt |     122     133 |     127     129 |  1.51  1.51 |   9
td_nv_simd |      63      66 |    1229    1223 |  1.52  1.52 |   9
td_simdopt |    1052    2185 |    2486    2541 |  1.52  1.52 |   9
huf0     |    1297     -   |    1620     -   |  1.53   -   |   9
huf0_4x2 |    1302    2073 |    1573    1628 |  1.53  1.53 |   9
fse_stk  |     615     744 |     522     528 |  1.54  1.54 |   9
fse_x8y1 |     691     961 |    1303    1368 |  1.54  1.54 |   9

== dna_fasta        == n=1536 KB enc_op  enc_pb   dec_op  dec_pb |  r_op  r_pb | blds
ph       |    1837    5787 |   15127   17812 |  3.52  3.51 |  12
pha      |    1648    4279 |    6982    7287 |  3.79  3.78 |  12
ph_naive |    1801    5527 |   14749   17690 |  3.52  3.51 |  12
ph_flat  |    1831    5749 |   15167   17864 |  3.52  3.51 |  12
td_naive |      94      98 |     117     117 |  3.53  3.53 |  12
td_scl_opt |     127     134 |     149     149 |  3.52  3.51 |  12
td_nv_simd |      94      98 |    2411    2405 |  3.53  3.53 |  12
td_simdopt |    1753    5553 |    3522    3098 |  3.52  3.52 |  12
huf0     |    1308     -   |    1934     -   |  3.54   -   |  12
huf0_4x2 |    1310    2074 |    1964    2008 |  3.54  3.53 |  12
fse_stk  |     615     741 |     523     528 |  3.83  3.83 |  12
fse_x8y1 |     620     961 |    1294    1368 |  3.83  3.83 |  12

== chinese_text     == n=1536 KB enc_op  enc_pb   dec_op  dec_pb |  r_op  r_pb | blds
ph       |    1203    2306 |    5213    6040 |  1.35  1.33 |  12
pha      |    1090    1881 |    4879    4884 |  1.35  1.34 |  12
ph_naive |     833    1238 |    2088    2212 |  1.32  1.29 |  12
ph_flat  |    1096    2054 |    3951    4672 |  1.35  1.33 |  12
td_naive |      37      37 |      44      43 |  1.36  1.34 |  12
td_scl_opt |      87      89 |      85      84 |  1.35  1.33 |  12
td_nv_simd |      37      37 |    1162    1154 |  1.36  1.34 |  12
td_simdopt |    1047    2189 |    1958    1907 |  1.36  1.34 |  12
huf0     |    1274     -   |    1553     -   |  1.37   -   |  12
huf0_4x2 |    1273    2051 |    1386    1419 |  1.37  1.36 |  12
fse_stk  |     612     742 |     523     529 |  1.38  1.38 |  12
fse_x8y1 |     739     982 |    1290    1370 |  1.38  1.38 |  12

== calgary_pic      == n=1536 KB enc_op  enc_pb   dec_op  dec_pb |  r_op  r_pb | blds
ph       |    1205    5946 |   10023   22207 |  4.68  4.68 |  12
pha      |     974    2790 |    3507    4380 |  7.09  7.10 |  12
ph_naive |     898    2062 |    3456    3728 |  4.30  4.19 |  12
ph_flat  |    1169    5557 |    8298   19392 |  4.65  4.67 |  12
td_naive |     210     253 |     272     274 |  4.71  4.67 |  12
td_scl_opt |     321     444 |     466     493 |  4.68  4.68 |  12
td_nv_simd |     210     253 |    1748    1750 |  4.71  4.67 |  12
td_simdopt |    1045    5571 |    7622    8541 |  4.72  4.71 |  12
huf0     |    1061     -   |    1678     -   |  4.84   -   |  12
huf0_4x2 |    1060    2035 |    1612    1647 |  4.84  4.82 |  12
fse_stk  |     553     747 |     532     543 |  6.63  6.61 |  12
fse_x8y1 |     331     746 |     526     544 |  6.70  6.61 |  12

