fair-bench: buffer >= 1024 KB (real-file dists may be larger), adaptive 20-40 runs x 20 reps (top-2 within 2% stops), ph table-G=128 KB, BLK=8192
columns: enc(opaque prebuilt)  dec(opaque prebuilt)  MB/s | ratio(op pb) | builds/1MB

== proba80          == n=1024 KB enc_op  enc_pb   dec_op  dec_pb |  r_op  r_pb | blds
ph       |    1712    9166 |   37489   43035 |  6.29  6.32 |   8
pha      |    1249    3060 |    5375    5490 |  8.45  8.51 |   8
ph_naive |    1669    8107 |   37440   43182 |  6.29  6.32 |   8
ph_flat  |    1670    8117 |   36927   43246 |  6.29  6.32 |   8
td_naive |     291     339 |     350     351 |  6.35  6.39 |   8
td_scl_opt |     344     413 |     838     836 |  6.29  6.32 |   8
td_nv_simd |     291     338 |    2760    2762 |  6.35  6.39 |   8
td_simdopt |    1638    7803 |    8894    8929 |  6.31  6.35 |   8
huf0     |    1148     -   |    1935     -   |  6.40   -   |   8
huf0_4x2 |    1147    2065 |    1967    1995 |  6.40  6.40 |   8
fse_stk  |     573     754 |     537     546 |  8.86  8.86 |   8
fse_x8y1 |     352     753 |     529     546 |  8.86  8.86 |   8

== english          == n=1024 KB enc_op  enc_pb   dec_op  dec_pb |  r_op  r_pb | blds
ph       |    1241    3284 |    9829   10465 |  1.86  1.87 |   8
pha      |    1234    3277 |    9733   10491 |  1.86  1.87 |   8
ph_naive |    1148    2743 |    5714    6073 |  1.85  1.85 |   8
ph_flat  |    1156    2790 |    7349    7804 |  1.86  1.86 |   8
td_naive |      47      48 |      57      57 |  1.87  1.88 |   8
td_scl_opt |     100     106 |     105     105 |  1.86  1.87 |   8
td_nv_simd |      47      48 |    1652    1648 |  1.87  1.88 |   8
td_simdopt |    1159    3016 |    3185    3198 |  1.87  1.87 |   8
huf0     |    1308     -   |    1882     -   |  1.88   -   |   8
huf0_4x2 |    1308    2074 |    1870    1932 |  1.88  1.88 |   8
fse_stk  |     618     752 |     524     529 |  1.89  1.89 |   8
fse_x8y1 |     721     988 |    1334    1376 |  1.89  1.89 |   8

== html_wiki        == n=1976 KB enc_op  enc_pb   dec_op  dec_pb |  r_op  r_pb | blds
ph       |    1002    2209 |    4735    5428 |  1.45  1.40 |  16
pha      |     941    1857 |    4548    4942 |  1.46  1.41 |  16
ph_naive |     713    1140 |    1944    1983 |  1.41  1.35 |  16
ph_flat  |     957    2013 |    4041    4541 |  1.45  1.40 |  16
td_naive |      52      55 |      62      62 |  1.46  1.41 |  16
td_scl_opt |     110     126 |     109     118 |  1.45  1.40 |  16
td_nv_simd |      52      55 |    1137    1095 |  1.46  1.41 |  16
td_simdopt |     866    2048 |    2430    2468 |  1.46  1.41 |  16
huf0     |    1259     -   |    1567     -   |  1.47   -   |  16
huf0_4x2 |    1260    2054 |    1476    1507 |  1.47  1.44 |  16
fse_stk  |     611     745 |     521     528 |  1.48  1.46 |  16
fse_x8y1 |     733     983 |    1322    1372 |  1.48  1.46 |  16

== prose_pride      == n=1448 KB enc_op  enc_pb   dec_op  dec_pb |  r_op  r_pb | blds
ph       |    1089    2584 |    5457    6697 |  1.72  1.72 |  12
pha      |    1035    2262 |    5384    6345 |  1.72  1.72 |  12
ph_naive |     840    1520 |    2602    2811 |  1.68  1.67 |  12
ph_flat  |    1052    2350 |    4802    5438 |  1.72  1.71 |  12
td_naive |      46      47 |      55      55 |  1.73  1.72 |  12
td_scl_opt |      82      83 |      81      77 |  1.72  1.72 |  12
td_nv_simd |      46      47 |    1372    1371 |  1.73  1.72 |  12
td_simdopt |     972    2388 |    2655    2557 |  1.73  1.72 |  12
huf0     |    1280     -   |    1764     -   |  1.75   -   |  12
huf0_4x2 |    1271    2061 |    1730    1797 |  1.75  1.74 |  12
fse_stk  |     614     744 |     523     530 |  1.76  1.76 |  12
fse_x8y1 |     699     981 |    1325    1374 |  1.76  1.76 |  12

== image_jpeg       == n=1096 KB enc_op  enc_pb   dec_op  dec_pb |  r_op  r_pb | blds
ph       |    1092    3030 |    6268    8394 |  1.00  1.01 |   9
pha      |    1015    2734 |    5535    7274 |  1.01  1.01 |   9
ph_naive |     431     593 |     853     905 |  0.94  0.94 |   9
ph_flat  |     944    1755 |    4084    3894 |  1.00  1.00 |   9
td_naive |      26      2phtd PB mismatch blk 104
6 |      31      31 |  1.00  1.00 |   9
td_scl_opt |     107     131 |     113     129 |  1.00  1.01 |   9
td_nv_simd |      26      26 |     679     676 |  1.00  1.00 |   9
td_simdopt   (n/a)
huf0       (n/a)
huf0_4x2   (n/a)
fse_stk    (n/a)
fse_x8y1 |     712     962 |    1293    1368 |  1.01  1.01 |   9

== json_api         == n=1032 KB enc_op  enc_pb   dec_op  dec_pb |  r_op  r_pb | blds
ph       |    1059    2323 |    4982    6163 |  1.51  1.51 |   9
pha      |    1024    2053 |    4986    6076 |  1.51  1.51 |   9
ph_naive |     796    1338 |    2254    2400 |  1.47  1.47 |   9
ph_flat  |    1000    2019 |    4059    4740 |  1.50  1.50 |   9
td_naive |      62      65 |      73      73 |  1.52  1.52 |   9
td_scl_opt |     119     131 |     125     128 |  1.51  1.51 |   9
td_nv_simd |      62      65 |    1229    1223 |  1.52  1.52 |   9
td_simdopt |     946    2184 |    2490    2535 |  1.51  1.51 |   9
huf0     |    1308     -   |    1613     -   |  1.53   -   |   9
huf0_4x2 |    1306    2083 |    1565    1622 |  1.53  1.53 |   9
fse_stk  |     616     748 |     523     529 |  1.54  1.54 |   9
fse_x8y1 |     702     987 |    1322    1375 |  1.54  1.54 |   9

== dna_fasta        == n=1472 KB enc_op  enc_pb   dec_op  dec_pb |  r_op  r_pb | blds
ph       |    1825    5601 |   15623   17628 |  3.52  3.51 |  12
pha      |    1642    4202 |    7065    7401 |  3.79  3.78 |  12
ph_naive |    1820    5607 |   15104   17586 |  3.52  3.51 |  12
ph_flat  |    1827    5623 |   15609   17701 |  3.52  3.51 |  12
td_naive |      94      98 |     117     117 |  3.53  3.53 |  12
td_scl_opt |     127     134 |     150     150 |  3.52  3.51 |  12
td_nv_simd |      94      98 |    2399    2388 |  3.53  3.53 |  12
td_simdopt |    1752    5473 |    3468    3068 |  3.52  3.52 |  12
huf0     |    1304     -   |    1929     -   |  3.55   -   |  12
huf0_4x2 |    1306    2069 |    1961    2013 |  3.55  3.53 |  12
fse_stk  |     616     744 |     524     530 |  3.83  3.83 |  12
fse_x8y1 |     621     965 |    1299    1376 |  3.83  3.83 |  12

== chinese_text     == n=1456 KB enc_op  enc_pb   dec_op  dec_pb |  r_op  r_pb | blds
ph       |    1061    2302 |    5307    6079 |  1.35  1.33 |  12
pha      |     973    1701 |    4991    5355 |  1.35  1.33 |  12
ph_naive |     760    1248 |    2100    2201 |  1.32  1.29 |  12
ph_flat  |     970    2023 |    3964    4664 |  1.35  1.33 |  12
td_naive |      37      37 |      44      43 |  1.36  1.33 |  12
td_scl_opt |      86      88 |      85      83 |  1.35  1.33 |  12
td_nv_simd |      37      37 |    1172    1163 |  1.36  1.33 |  12
td_simdopt |     931    2239 |    2467    2444 |  1.36  1.33 |  12
huf0     |    1275     -   |    1550     -   |  1.37   -   |  12
huf0_4x2 |    1274    2071 |    1384    1424 |  1.37  1.36 |  12
fse_stk  |     613     746 |     523     530 |  1.38  1.38 |  12
fse_x8y1 |     724     961 |    1304    1375 |  1.38  1.38 |  12

== calgary_pic      == n=1504 KB enc_op  enc_pb   dec_op  dec_pb |  r_op  r_pb | blds
ph       |    1169    5719 |    9797   21631 |  4.64  4.64 |  12
pha      |     948    2706 |    3505    4406 |  6.95  6.95 |  12
ph_naive |     877    2007 |    3395    3672 |  4.26  4.15 |  12
ph_flat  |    1145    5416 |    8211   19918 |  4.61  4.63 |  12
td_naive |     206     249 |     268     268 |  4.67  4.63 |  12
td_scl_opt |     315     437 |     460     487 |  4.64  4.64 |  12
td_nv_simd |     206     249 |    1721    1721 |  4.67  4.63 |  12
td_simdopt |    1015    5287 |    7346    8306 |  4.68  4.67 |  12
huf0     |    1061     -   |    1669     -   |  4.80   -   |  12
huf0_4x2 |    1062    2037 |    1610    1651 |  4.80  4.78 |  12
fse_stk  |     553     743 |     533     545 |  6.51  6.50 |  12
fse_x8y1 |     333     746 |     526     544 |  6.58  6.50 |  12

