fair-bench: buffer >= 1024 KB (real-file dists may be larger), adaptive 20-40 runs x 20 reps (top-2 within 2% stops), ph table-G=128 KB, BLK=8192
columns: enc(opaque prebuilt)  dec(opaque prebuilt)  MB/s | ratio(op pb) | builds/1MB

== proba80          == n=1024 KB enc_op  enc_pb   dec_op  dec_pb |  r_op  r_pb | blds
ph       |    1678    8675 |   37854   43437 |  6.29  6.32 |   8
pha      |    1270    3241 |    5353    5455 |  8.45  8.51 |   8
ph_naive |    1699    9154 |   37789   43620 |  6.29  6.32 |   8
ph_flat  |    1701    9148 |   38224   43758 |  6.29  6.32 |   8
td_naive |     291     338 |     353     352 |  6.35  6.39 |   8
td_scl_opt |     347     417 |     837     837 |  6.29  6.32 |   8
td_nv_simd |     290     337 |    2759    2756 |  6.35  6.39 |   8
td_simdopt |    1652    8384 |    8884    8851 |  6.31  6.35 |   8
huf0     |    1147     -   |    1936     -   |  6.40   -   |   8
huf0_4x2 |    1147    2063 |    1969    2000 |  6.40  6.40 |   8
fse_stk  |     574     755 |     537     546 |  8.86  8.86 |   8
fse_x8y1 |     352     754 |     528     546 |  8.86  8.86 |   8

== english          == n=1024 KB enc_op  enc_pb   dec_op  dec_pb |  r_op  r_pb | blds
ph       |    1615    3290 |   10738   11516 |  1.86  1.87 |   8
pha      |    1605    3286 |   10777   11524 |  1.86  1.87 |   8
ph_naive |    1458    2737 |    6272    6704 |  1.85  1.85 |   8
ph_flat  |    1470    2784 |    7904    8362 |  1.86  1.86 |   8
td_naive |      47      48 |      57      57 |  1.87  1.88 |   8
td_scl_opt |     102     106 |     105     105 |  1.86  1.87 |   8
td_nv_simd |      47      48 |    1737    1736 |  1.87  1.88 |   8
td_simdopt |    1466    3008 |    3196    3213 |  1.87  1.87 |   8
huf0     |    1309     -   |    1882     -   |  1.88   -   |   8
huf0_4x2 |    1309    2085 |    1874    1942 |  1.88  1.88 |   8
fse_stk  |     618     753 |     524     529 |  1.89  1.89 |   8
fse_x8y1 |     712     984 |    1335    1374 |  1.89  1.89 |   8

== html_wiki        == n=1976 KB enc_op  enc_pb   dec_op  dec_pb |  r_op  r_pb | blds
ph       |    1110    2186 |    4808    5389 |  1.45  1.40 |  16
pha      |    1037    1847 |    4594    4918 |  1.46  1.41 |  16
ph_naive |     763    1127 |    1957    2007 |  1.41  1.35 |  16
ph_flat  |    1055    1990 |    4075    4553 |  1.45  1.40 |  16
td_naive |      52      55 |      62      62 |  1.46  1.41 |  16
td_scl_opt |     112     128 |     109     117 |  1.45  1.40 |  16
td_nv_simd |      52      55 |    1147    1104 |  1.46  1.41 |  16
td_simdopt |     950    2035 |    2440    2460 |  1.46  1.41 |  16
huf0     |    1260     -   |    1563     -   |  1.47   -   |  16
huf0_4x2 |    1258    2050 |    1477    1510 |  1.47  1.44 |  16
fse_stk  |     611     744 |     521     528 |  1.48  1.46 |  16
fse_x8y1 |     726     959 |    1325    1370 |  1.48  1.46 |  16

== prose_pride      == n=1448 KB enc_op  enc_pb   dec_op  dec_pb |  r_op  r_pb | blds
ph       |    1258    2584 |    5720    7242 |  1.72  1.72 |  12
pha      |    1188    2279 |    5622    6649 |  1.72  1.72 |  12
ph_naive |     934    1522 |    2687    2888 |  1.68  1.67 |  12
ph_flat  |    1210    2360 |    4987    5661 |  1.72  1.71 |  12
td_naive |      46      47 |      55      55 |  1.73  1.72 |  12
td_scl_opt |      82      82 |      81      77 |  1.72  1.72 |  12
td_nv_simd |      46      47 |    1259    1258 |  1.73  1.72 |  12
td_simdopt |    1103    2387 |    1917    1895 |  1.73  1.72 |  12
huf0     |    1267     -   |    1758     -   |  1.75   -   |  12
huf0_4x2 |    1271    2061 |    1725    1798 |  1.75  1.74 |  12
fse_stk  |     612     745 |     522     528 |  1.76  1.76 |  12
fse_x8y1 |     709     983 |    1324    1374 |  1.76  1.76 |  12

== image_jpeg       == n=1096 KB enc_op  enc_pb   dec_op  dec_pb |  r_op  r_pb | blds
ph       |    1114    3026 |    6260    8444 |  1.00  1.01 |   9
pha      |    1034    2737 |    5469    7277 |  1.01  1.01 |   9
ph_naive |     440     600 |     845     901 |  0.94  0.94 |   9
ph_flat  |     960    1753 |    4064    3913 |  1.00  1.00 |   9
td_naive |      26      2phtd PB mismatch blk 104
6 |      31      31 |  1.00  1.00 |   9
td_scl_opt |     107     131 |     113     129 |  1.00  1.01 |   9
td_nv_simd |      26      26 |     682     682 |  1.00  1.00 |   9
td_simdopt   (n/a)
huf0       (n/a)
huf0_4x2   (n/a)
fse_stk    (n/a)
fse_x8y1 |     723     978 |    1300    1369 |  1.01  1.01 |   9

== json_api         == n=1032 KB enc_op  enc_pb   dec_op  dec_pb |  r_op  r_pb | blds
ph       |    1172    2324 |    5022    6225 |  1.51  1.51 |   9
pha      |    1133    2078 |    5053    6228 |  1.51  1.51 |   9
ph_naive |     858    1365 |    2270    2403 |  1.47  1.47 |   9
ph_flat  |    1098    2021 |    4131    4820 |  1.50  1.50 |   9
td_naive |      63      65 |      74      74 |  1.52  1.52 |   9
td_scl_opt |     123     134 |     125     127 |  1.51  1.51 |   9
td_nv_simd |      63      65 |    1229    1224 |  1.52  1.52 |   9
td_simdopt |    1031    2187 |    2490    2529 |  1.51  1.51 |   9
huf0     |    1303     -   |    1613     -   |  1.53   -   |   9
huf0_4x2 |    1302    2076 |    1564    1625 |  1.53  1.53 |   9
fse_stk  |     615     751 |     522     529 |  1.54  1.54 |   9
fse_x8y1 |     694     965 |    1325    1374 |  1.54  1.54 |   9

== dna_fasta        == n=1472 KB enc_op  enc_pb   dec_op  dec_pb |  r_op  r_pb | blds
ph       |    1826    5647 |   22186   22819 |  3.52  3.51 |  12
pha      |    1644    4202 |    7995    8143 |  3.79  3.78 |  12
ph_naive |    1813    5604 |   20571   22659 |  3.52  3.51 |  12
ph_flat  |    1828    5647 |   21640   22684 |  3.52  3.51 |  12
td_naive |      94      98 |     117     117 |  3.53  3.53 |  12
td_scl_opt |     127     134 |     150     150 |  3.52  3.51 |  12
td_nv_simd |      94      98 |    2400    2388 |  3.53  3.53 |  12
td_simdopt |    1739    5584 |    3465    3068 |  3.52  3.52 |  12
huf0     |    1308     -   |    1927     -   |  3.55   -   |  12
huf0_4x2 |    1309    2062 |    1963    2013 |  3.55  3.53 |  12
fse_stk  |     615     745 |     523     528 |  3.83  3.83 |  12
fse_x8y1 |     630     985 |    1298    1373 |  3.83  3.83 |  12

== chinese_text     == n=1456 KB enc_op  enc_pb   dec_op  dec_pb |  r_op  r_pb | blds
ph       |    1195    2287 |    5384    6196 |  1.35  1.33 |  12
pha      |    1092    1708 |    5108    5392 |  1.35  1.33 |  12
ph_naive |     828    1252 |    2116    2209 |  1.32  1.29 |  12
ph_flat  |    1076    2029 |    4006    4799 |  1.35  1.33 |  12
td_naive |      37      37 |      44      43 |  1.36  1.33 |  12
td_scl_opt |      87      88 |      85      83 |  1.35  1.33 |  12
td_nv_simd |      37      37 |    1107    1090 |  1.36  1.33 |  12
td_simdopt |    1038    2244 |    2395    2387 |  1.36  1.33 |  12
huf0     |    1277     -   |    1550     -   |  1.37   -   |  12
huf0_4x2 |    1274    2051 |    1387    1425 |  1.37  1.36 |  12
fse_stk  |     613     721 |     522     528 |  1.38  1.38 |  12
fse_x8y1 |     728     959 |    1322    1375 |  1.38  1.38 |  12

== calgary_pic      == n=1504 KB enc_op  enc_pb   dec_op  dec_pb |  r_op  r_pb | blds
ph       |    1190    5671 |    9890   21972 |  4.64  4.64 |  12
pha      |     960    2711 |    3467    4354 |  6.95  6.95 |  12
ph_naive |     884    2009 |    3420    3633 |  4.26  4.15 |  12
ph_flat  |    1160    5515 |    8223   20130 |  4.61  4.63 |  12
td_naive |     207     250 |     268     268 |  4.67  4.63 |  12
td_scl_opt |     317     437 |     457     485 |  4.64  4.64 |  12
td_nv_simd |     207     250 |    1714    1709 |  4.67  4.63 |  12
td_simdopt |    1031    5333 |    7322    8194 |  4.68  4.67 |  12
huf0     |    1063     -   |    1676     -   |  4.80   -   |  12
huf0_4x2 |    1062    2034 |    1600    1644 |  4.80  4.78 |  12
fse_stk  |     553     748 |     533     544 |  6.51  6.50 |  12
fse_x8y1 |     332     748 |     525     544 |  6.58  6.50 |  12

