fair-bench: 1 MB-class buffer = 1024 KB, adaptive 20-40 runs x 20 reps (top-2 within 2% stops), ph table-G=128 KB, BLK=8192
columns: enc(opaque prebuilt)  dec(opaque prebuilt)  MB/s | ratio(op pb) | builds/1MB

== proba80          ==        enc_op  enc_pb   dec_op  dec_pb |  r_op  r_pb | blds
ph       |    1517    3554 |   16320   17697 |  6.29  6.32 |   8
pha      |    1273    2475 |    6503    6694 |  8.45  8.51 |   8
ph_naive |    1504    3669 |   16232   17289 |  6.29  6.32 |   8
ph_flat  |    1513    3679 |   16157   17120 |  6.29  6.32 |   8
td_naive |     426     513 |    1350    1350 |  6.35  6.39 |   8
td_scl_opt |     497     614 |    1733    1769 |  6.29  6.32 |   8
td_nv_simd |     428     511 |    4738    4740 |  6.35  6.39 |   8
td_simdopt |    1428    3347 |    9741    9230 |  6.29  6.32 |   8
huf0     |    1345     -   |    2954     -   |  6.40   -   |   8
huf0_4x2 |    1354    2876 |    2972    2947 |  6.40  6.40 |   8
fse_stk  |     664     912 |     668     666 |  8.86  8.86 |   8
fse_x8y1 |     365     875 |     630     664 |  8.86  8.86 |   8
oo_huff  |    1765     -   |    3331     -   |  6.40   -   |   8
oo_tans  |     728     -   |    2458     -   |  8.84   -   |   8

== english          ==        enc_op  enc_pb   dec_op  dec_pb |  r_op  r_pb | blds
ph       |    1395    2083 |    6499    6783 |  1.86  1.87 |   8
pha      |    1440    2088 |    6343    6584 |  1.86  1.87 |   8
ph_naive |    1239    1693 |    4545    4732 |  1.85  1.85 |   8
ph_flat  |    1379    1950 |    5426    5886 |  1.86  1.86 |   8
td_naive |      64      65 |     499     481 |  1.87  1.88 |   8
td_scl_opt |     151     158 |     764     770 |  1.86  1.87 |   8
td_nv_simd |      65      65 |    2308    2278 |  1.87  1.88 |   8
td_simdopt |    1375    2040 |    3303    3227 |  1.86  1.87 |   8
huf0     |    1750     -   |    2721     -   |  1.88   -   |   8
huf0_4x2 |    1721    2748 |    2753    2795 |  1.88  1.88 |   8
fse_stk  |     727     858 |     823     850 |  1.89  1.89 |   8
fse_x8y1 |    1060    1853 |    1882    2066 |  1.89  1.89 |   8
oo_huff  |    2496     -   |    3206     -   |  1.88   -   |   8
oo_tans  |     806     -   |    2425     -   |  1.89   -   |   8

== html_wiki        ==        enc_op  enc_pb   dec_op  dec_pb |  r_op  r_pb | blds
ph       |    1175    1736 |    4507    4705 |  1.41  1.40 |   8
pha      |    1162    1716 |    4650    4740 |  1.41  1.40 |   8
ph_naive |     766    1014 |    2265    2500 |  1.33  1.32 |   8
ph_flat  |    1133    1591 |    3992    4318 |  1.40  1.40 |   8
td_naive |      47      50 |     351     362 |  1.40  1.40 |   8
td_scl_opt |     113     115 |     617     614 |  1.41  1.40 |   8
td_nv_simd |      49      50 |    1660    1660 |  1.40  1.40 |   8
td_simdopt |    1121    1806 |    2628    2620 |  1.41  1.40 |   8
huf0     |    1778     -   |    2335     -   |  1.44   -   |   8
huf0_4x2 |    1738    2755 |    2076    2126 |  1.44  1.44 |   8
fse_stk  |     743     855 |     842     806 |  1.45  1.46 |   8
fse_x8y1 |    1169    1879 |    1978    2057 |  1.45  1.46 |   8
oo_huff  |    2225     -   |    3144     -   |  1.44   -   |   8
oo_tans  |     777     -   |    2423     -   |  1.45   -   |   8

== prose_pride      ==        enc_op  enc_pb   dec_op  dec_pb |  r_op  r_pb | blds
ph       |    1210    1745 |    4702    4998 |  1.72  1.72 |   8
pha      |    1118    1609 |    4753    4806 |  1.72  1.72 |   8
ph_naive |    1008    1333 |    3420    3558 |  1.67  1.66 |   8
ph_flat  |    1167    1661 |    4536    4560 |  1.71  1.71 |   8
td_naive |      58      59 |     438     436 |  1.73  1.72 |   8
td_scl_opt |     106     107 |     595     602 |  1.72  1.72 |   8
td_nv_simd |      58      60 |    1983    1931 |  1.73  1.72 |   8
td_simdopt |    1175    1765 |    2655    2745 |  1.72  1.72 |   8
huf0     |    1694     -   |    2550     -   |  1.74   -   |   8
huf0_4x2 |    1706    2736 |    2416    2631 |  1.74  1.74 |   8
fse_stk  |     714     874 |     807     826 |  1.76  1.76 |   8
fse_x8y1 |    1062    1952 |    1956    2123 |  1.76  1.76 |   8
oo_huff  |    2357     -   |    3317     -   |  1.75   -   |   8
oo_tans  |     810     -   |    2525     -   |  1.76   -   |   8

== image_jpeg       ==        enc_op  enc_pb   dec_op  dec_pb |  r_op  r_pb | blds
ph       |    1354    1990 |    5456    5554 |  1.00  1.00 |   8
pha      |    1375    1984 |    5425    5375 |  1.00  1.00 |   8
ph_naive |     600     739 |    1484    1629 |  0.94  0.94 |   8
ph_flat  |    1051    1471 |    3735    3846 |  1.00  1.00 |   8
td_naive |      34      35 |     254     257 |  1.00  1.00 |   8
td_scl_opt |     156     153 |     769     722 |  1.00  1.00 |   8
td_nv_simd |      34      34 |    1014    1057 |  1.00  1.00 |   8
td_simdopt |    1197    1963 |    2683    2588 |  1.00  1.00 |   8
huf0     |    1705     -   |    1379     -   |  1.01   -   |   8
huf0_4x2 |    1685    2760 |    1358    1376 |  1.01  1.01 |   8
fse_stk  |     745     810 |     806     792 |  1.01  1.01 |   8
fse_x8y1 |    1227    1864 |    1842    2009 |  1.01  1.01 |   8
oo_huff  |    2574     -   |    3002     -   |  1.01   -   |   8
oo_tans  |     785     -   |    2253     -   |  1.01   -   |   8

== json_api         ==        enc_op  enc_pb   dec_op  dec_pb |  r_op  r_pb | blds
ph       |    1165    1634 |    4183    4482 |  1.51  1.51 |   8
pha      |    1122    1568 |    4193    4472 |  1.51  1.51 |   8
ph_naive |     920    1210 |    2933    3089 |  1.46  1.46 |   8
ph_flat  |    1117    1550 |    3973    4088 |  1.50  1.50 |   8
td_naive |      52      53 |     398     397 |  1.51  1.51 |   8
td_scl_opt |     105     110 |     585     586 |  1.51  1.51 |   8
td_nv_simd |      52      53 |    1866    1857 |  1.51  1.51 |   8
td_simdopt |    1142    1714 |    2656    2636 |  1.51  1.51 |   8
huf0     |    1771     -   |    2465     -   |  1.53   -   |   8
huf0_4x2 |    1789    2841 |    2348    2382 |  1.53  1.53 |   8
fse_stk  |     752     874 |     832     840 |  1.53  1.54 |   8
fse_x8y1 |    1140    1952 |    1981    2108 |  1.54  1.54 |   8
oo_huff  |    2380     -   |    3231     -   |  1.53   -   |   8
oo_tans  |     820     -   |    2480     -   |  1.53   -   |   8

== dna_fasta        ==        enc_op  enc_pb   dec_op  dec_pb |  r_op  r_pb | blds
ph       |    1389    2485 |    8637    9028 |  3.49  3.49 |   8
pha      |    1313    2227 |    6238    5943 |  3.76  3.77 |   8
ph_naive |    1383    2444 |    8928    8871 |  3.48  3.49 |   8
ph_flat  |    1377    2506 |    8920    8935 |  3.49  3.49 |   8
td_naive |     131     137 |     844     846 |  3.51  3.52 |   8
td_scl_opt |     174     186 |     883     876 |  3.49  3.49 |   8
td_nv_simd |     126     133 |    3292    3283 |  3.51  3.52 |   8
td_simdopt |    1309    2343 |    3921    3753 |  3.49  3.49 |   8
huf0     |    1496     -   |    2810     -   |  3.53   -   |   8
huf0_4x2 |    1537    2770 |    2714    2774 |  3.53  3.53 |   8
fse_stk  |     680     870 |     798     828 |  3.83  3.83 |   8
fse_x8y1 |     728    1887 |    1831    2022 |  3.83  3.83 |   8
oo_huff  |    2108     -   |    3206     -   |  3.53   -   |   8
oo_tans  |     738     -   |    2490     -   |  3.83   -   |   8

== chinese_text     ==        enc_op  enc_pb   dec_op  dec_pb |  r_op  r_pb | blds
ph       |    1214    1723 |    4902    4761 |  1.34  1.33 |   8
pha      |    1117    1496 |    4451    4058 |  1.34  1.34 |   8
ph_naive |     862    1086 |    2435    2563 |  1.29  1.28 |   8
ph_flat  |    1117    1516 |    3854    3910 |  1.33  1.32 |   8
td_naive |      45      45 |     350     339 |  1.34  1.33 |   8
td_scl_opt |     115     113 |     623     604 |  1.34  1.33 |   8
td_nv_simd |      46      47 |    1697    1666 |  1.34  1.33 |   8
td_simdopt |    1169    1740 |    2726    2544 |  1.34  1.33 |   8
huf0     |    1749     -   |    2078     -   |  1.36   -   |   8
huf0_4x2 |    1809    2856 |    1902    1965 |  1.36  1.36 |   8
fse_stk  |     751     870 |     825     856 |  1.37  1.37 |   8
fse_x8y1 |    1213    1934 |    1997    2145 |  1.37  1.37 |   8
oo_huff  |    2450     -   |    3316     -   |  1.36   -   |   8
oo_tans  |     812     -   |    2485     -   |  1.37   -   |   8

== calgary_pic      ==        enc_op  enc_pb   dec_op  dec_pb |  r_op  r_pb | blds
ph       |    1265    2995 |   10496   11516 |  4.60  4.57 |   8
pha      |    1153    2401 |    6089    6475 |  6.13  6.07 |   8
ph_naive |    1050    1970 |    5628    6493 |  4.12  3.99 |   8
ph_flat  |    1237    2813 |    9902   11221 |  4.57  4.52 |   8
td_naive |     238     284 |     971     940 |  4.63  4.59 |   8
td_scl_opt |     366     477 |    1490    1489 |  4.60  4.58 |   8
td_nv_simd |     233     277 |    3349    3244 |  4.63  4.59 |   8
td_simdopt |    1125    2760 |    7872    8026 |  4.60  4.58 |   8
huf0     |    1223     -   |    2543     -   |  4.79   -   |   8
huf0_4x2 |    1230    2717 |    2644    2832 |  4.79  4.78 |   8
fse_stk  |     633     855 |     646     675 |  6.42  6.50 |   8
fse_x8y1 |     359     865 |     643     677 |  6.49  6.50 |   8
oo_huff  |    1667     -   |    3218     -   |  4.79   -   |   8
oo_tans  |     701     -   |    2517     -   |  6.44   -   |   8

