=== PIVCO-Huffman Benchmarks (PIVCO_MAX_CODE_LEN=11) ===
Sequence: 4M, Repeats: 20 (80M/run), Block: 8192, Runs: 5 (drop 2)

DECODE M/s    | pivco_s pivco_n pivco_bu pivco_p | trad_1s trad_4s | huf0_1s huf0_x1 huf0_x2 | rans_x2 |   ratio
--------------|---------------------------------|-----------------|----------------------------|---------|--------
proba80       |     803    9824    9184    1139 |     566    1645 |     393    1421    2725 |     336 |  3.61x
proba50       |     318    4998    5424    1049 |     497    1483 |     373    1404    2647 |     285 |  2.05x
proba14       |     450    2904    3053    1228 |     434    1510 |     393    1403    2593 |     289 |  1.18x
proba02       |     590    2683    2812    1059 |     423    1509 |     390    1389    1543 |     285 |  1.82x
bell_s10      |     814    3321    4182    1111 |     422    1512 |     390    1386    2386 |     298 |  1.75x
bell_s30      |     581    2608    2713    1062 |     423    1507 |     394    1384    1464 |     291 |  1.80x
bell_s80      |     831    2975    3313     935 |     454    1607 |       0       0       0 |     352 |  2.06x
uniform       |    2224    5239    5209    3872 |    1601    1619 |       0       0       0 |     418 |  3.24x
english       |     559    3367    3910    1272 |     448    1578 |     390    1387    2543 |     299 |  1.54x
zipfian       |     428    2700    2615    1253 |     401    1568 |     393    1398    1847 |     242 |  1.46x
sparse_4      |    2217   31184   30977    6163 |    2627    1638 |    1127    3485    5120 |     455 |  6.09x
sparse_16     |    2218   45814   49696    5701 |    2113    1619 |    1115    3233    4536 |     436 | 10.96x
geometric     |     335    4671    4720    1025 |     481    1519 |     391    1386    2625 |     281 |  1.80x
two_sym_eq    |     410   26396   25915    6220 |    2918    1635 |     852    3499    5338 |     462 |  4.94x
two_sym_90/10 |    1494   25987   25851    6256 |    2913    1639 |     864    3518    5082 |     374 |  5.11x
flat_M3       |    2090   22888   22605    3766 |    2370    1629 |     856    3531    5418 |     448 |  4.22x
flat_M5       |    1984   24731   25497    2945 |    1948    1631 |     899    3559    5168 |     426 |  4.93x
flat_M6       |    1983   20841   20924    3921 |    1813    1631 |    1057    3474    4527 |     427 |  4.62x
flat_M7       |    1880    5061    5045    2992 |    1658    1614 |     873    3539    2777 |     423 |  1.43x
html_wiki     |     533    2652    2681    1336 |     417    1518 |     392    1382    2225 |     265 |  1.21x
prose_pride   |     469    2788    2894    1249 |     428    1513 |     385    1369    2449 |     274 |  1.18x
image_jpeg    |     710    2870    3057     990 |     443    1571 |     394    1377    1347 |     347 |  1.95x
json_api      |     459    2668    2672    1192 |     425    1521 |     392    1381    2328 |     258 |  1.15x
source_c      |     388    3053    2993    1163 |     412    1520 |     393    1401    2257 |     237 |  1.35x
log_apache    |     574    2602    2723    1350 |     433    1515 |     393    1388    2250 |     268 |  1.21x
dna_fasta     |     469    3984    5342    1309 |     526    1580 |     394    1383    2655 |     389 |  2.01x
csv_numeric   |     472    3679    4119    1250 |     454    1523 |     396    1407    2575 |     251 |  1.60x
gzip_random   |    2232    5167    5181    3917 |    1596    1621 |       0       0       0 |     383 |  3.20x
chinese_text  |     522    2714    2961    1255 |     418    1519 |     395    1381    2067 |     268 |  1.43x

=== Compression sizes (bytes for 4M input) ===
DIST          |  Dmax  Lvs  Ful  Flt  Hal  B2L |  vIN  vLv |  pivco_raw   +hdr_est |    trad_4s    huf0_1s    huf0_x2    rans_x2
--------------|-----------------------------|-----------|----------------------|-----------------------------------------------
proba80       |     5    6    3    0    1    1 |    5    6 |     656299     661995 |     663499     655561     655802     473736
proba50       |    11   12    9    0    1    1 |   11   12 |    1050161    1062001 |    1056052    1048201    1048445    1047965
proba14       |    11   48   18    8    1   20 |   15    8 |    2210889    2222217 |    2214224    2206777    2207023    2191472
proba02       |    11  255  113   14    1  126 |   20    7 |    3734279    3747271 |    3735384    3729433    3729686    3714062
bell_s10      |    11  256  120    8    1  126 |   11    4 |    3004075    3011307 |    3008884    2863870    2864118    2823642
bell_s30      |    11  256  116   12    1  126 |   15    4 |    3722267    3731291 |    3725109    3686052    3686295    3646349
bell_s80      |     9  256  123    4    1  127 |    3    0 |    4173260    4174604 |    4180029          0          0    4149253
uniform       |     8  256  126    1    1  127 |    0    0 |    4194304    4194304 |    4201472          0          0    4194312
english       |    10   30   12    3    1   13 |   12   10 |    2230250    2241386 |    2235169    2227841    2228088    2215515
zipfian       |    10  256  118    9    1  127 |   16    8 |    3283735    3295511 |    3286667    3280325    3280574    3259441
sparse_4      |     2    4    0    1    1    1 |    0    0 |    1048576    1048576 |    1055744    1048704    1048992    1048584
sparse_16     |     4   16    6    1    1    7 |    0    0 |    2097152    2097152 |    2104320    2097472    2097760    2097160
geometric     |    11  256  122    6    1  126 |    9    4 |    1378915    1385251 |    1385006    1051741    1051987    1057994
two_sym_eq    |     1    2    0    0    1    0 |    1    2 |     524288     525888 |     531456     524384     524672     524296
two_sym_90/10 |     1    2    0    0    1    0 |    1    2 |     524288     525888 |     531456     524384     524672     245846
flat_M3       |     3    8    2    1    1    3 |    0    0 |    1572864    1572864 |    1580032    1573056    1573344    1572872
flat_M5       |     5   32   14    1    1   15 |    0    0 |    2621440    2621440 |    2628608    2622016    2622304    2621448
flat_M6       |     6   64   30    1    1   31 |    0    0 |    3145728    3145728 |    3152896    3146816    3147104    3145736
flat_M7       |     7  128   62    1    1   63 |    0    0 |    3670016    3670016 |    3677184    3672128    3672416    3670024
html_wiki     |    11  197   90    9    1   96 |   21   13 |    2959047    2975943 |    2961212    2910766    2911016    2870339
prose_pride   |    11   96   46    4    1   44 |   19   16 |    2419062    2436790 |    2422522    2403707    2403956    2375005
image_jpeg    |    10  256  121    6    1  127 |    9    4 |    4154045    4160381 |    4159142    4152083    4152331    4135145
json_api      |    11   98   40    9    1   47 |   22   14 |    2752846    2770766 |    2754549    2744739    2744990    2724794
source_c      |    11   97   39   10    1   46 |   22   13 |    2620583    2637927 |    2622199    2613609    2613859    2599122
log_apache    |    11   85   35    9    1   39 |   21   13 |    2907016    2923912 |    2908981    2900952    2901203    2882117
dna_fasta     |    10   38   16    4    1   16 |    9    6 |    1189466    1196954 |    1195610    1188141    1188384    1090568
csv_numeric   |    11   54   23    5    1   24 |   18   14 |    1756533    1772661 |    1760015    1752132    1752380    1729751
gzip_random   |     8  256  126    1    1  127 |    0    0 |    4194304    4194304 |    4201472          0          0    4193336
chinese_text  |    11  151   70    7    1   72 |   17   11 |    3139218    3153170 |    3142664    3082517    3082761    3049381
  Dmax=max Huffman code length; Lvs=# leaves; Ful/Flt/Hal/B2L=internal-node-type counts
  vIN/vLv = flat-aware VISIBLE internals/leaves (excludes nodes buried inside flat subtrees)
  +hdr_est = pivco_raw + (vIN*7 + vLv*9) * NBLOCKS/8 bits per-block table-encoding overhead
  Lower = better.  Original size = 4194304 bytes (4MB).

  5 runs of 80M symbols each (20x 4M), drop 2 slowest, warn if spread > 5%
  PIVCO/trad decode in 8192-symbol blocks
  huf0 uses 128KB chunks (its max block size)
  rANS decodes full 4M at once
  WARNING: CPU freq dropped 34.0% (throttling?)
  Total wall time: 139.5 seconds
