[100%] Built target pivco_huffman_bench
  WARNING: flat_M3/pivco_bu spread 9.2% (3491..3846)
=== PIVCO-Huffman Benchmarks (PIVCO_MAX_CODE_LEN=11) ===
Sequence: 4M, Repeats: 20 (80M/run), Block: 8192, Runs: 5 (drop 2)

DECODE M/s    | pivco_s pivco_n pivco_bu pivco_p | trad_1s trad_4s | huf0_1s huf0_x1 huf0_x2 | rans_x2 |   ratio
--------------|---------------------------------|-----------------|----------------------------|---------|--------
proba80       |     348    6482    9998       0 |     434     756 |     316    1050    1790 |     251 |  5.59x
proba50       |     118    3503    5346       0 |     396     689 |     316    1050    1790 |     211 |  2.99x
proba14       |      75    2388    2281       0 |     347     688 |     316    1051    1724 |     217 |  1.39x
proba02       |      77    2103    1947       0 |     335     688 |     315    1040    1027 |     214 |  2.02x
bell_s10      |     127    2828    3118       0 |     334     687 |     315    1038    1598 |     223 |  1.95x
bell_s30      |      78    2210    2023       0 |     335     688 |     315    1039     970 |     218 |  2.13x
bell_s80      |     133    2393    2326       0 |     364     736 |       0       0       0 |     262 |  3.25x
uniform       |    1210    4583    4439       0 |     404     745 |       0       0       0 |     289 |  6.15x
english       |      99    2930    2613       0 |     353     720 |     315    1045    1738 |     226 |  1.69x
zipfian       |      72    2337    2110       0 |     314     719 |     315    1038    1242 |     180 |  1.88x
sparse_4      |    1215   24081    3856       0 |     471     757 |     316    1050    1804 |     314 | 13.35x
sparse_16     |    1215   20062   20107       0 |     436     756 |     315    1048    1772 |     304 | 11.34x
geometric     |     122    3369    4850       0 |     368     688 |     316    1051    1787 |     211 |  2.71x
two_sym_eq    |     232    4741   25113       0 |     446     759 |     316    1047    1799 |     319 | 13.96x
two_sym_90/10 |     659    9176   25151       0 |     446     758 |     316    1046    1781 |     280 | 14.12x
flat_M3       |    1122   21842    3590       0 |     452     757 |     316    1053    1795 |     309 | 12.17x
flat_M5       |    1064   18484    4322       0 |     435     754 |     316    1048    1769 |     301 | 10.45x
flat_M6       |    1125   17180    3076       0 |     423     754 |     316    1047    1646 |     297 | 10.44x
flat_M7       |     954    3792    3510       0 |     414     750 |     316    1046     908 |     293 |  3.63x
html_wiki     |      76    2234    1821       0 |     331     687 |     315    1042    1495 |     198 |  1.49x
prose_pride   |      73    2289    2307       0 |     338     688 |     315    1042    1644 |     207 |  1.40x
image_jpeg    |     115    2287    2177       0 |     359     719 |     315    1040     902 |     260 |  2.20x
json_api      |      72    2276    1972       0 |     336     688 |     315    1045    1570 |     195 |  1.45x
source_c      |      79    2509    2199       0 |     325     688 |     315    1046    1529 |     180 |  1.64x
log_apache    |      74    2134    1808       0 |     345     687 |     315    1045    1515 |     202 |  1.41x
dna_fasta     |     113    2897    6091       0 |     411     722 |     315    1047    1779 |     291 |  3.42x
csv_numeric   |      96    2896    3218       0 |     355     689 |     316    1048    1723 |     189 |  1.87x
gzip_random   |    1212    4559    4444       0 |     405     746 |       0       0       0 |     285 |  6.11x
chinese_text  |      76    2148    2300       0 |     331     687 |     315    1042    1378 |     201 |  1.67x

=== Compression sizes (bytes for 4M input) ===
DIST          |  Dmax  Lvs  Ful  Flt  Hal  B2L |  vIN  vLv |  pivco_raw   +hdr_est |    trad_4s    huf0_1s    huf0_x2    rans_x2
--------------|-----------------------------|-----------|----------------------|-----------------------------------------------
proba80       |     5    6    3    0    1    1 |    5    6 |     656299     661995 |     663499     655561     655802     473736
proba50       |    11   12    9    0    1    1 |   11   12 |    1050161    1062001 |    1056052    1048201    1048445    1047965
proba14       |    11   48   18    8    1   20 |   15    8 |    2210889    2222217 |    2214224    2206777    2207023    2191472
proba02       |    11  255  113   14    1  126 |   20    7 |    3734279    3747271 |    3735384    3729433    3729686    3714062
bell_s10      |    11  256  120    8    1  126 |   11    4 |    3004075    3011307 |    3008884    2863870    2864118    2823642
bell_s30      |    11  256  116   12    1  126 |   15    4 |    3722267    3731291 |    3725109    3686052    3686295    3646349
bell_s80      |     9  256  123    4    1  127 |    3    0 |    4173260    4174604 |    4180029          0          0    4149253
uniform       |     8  256  126    1    1  127 |    0    0 |    4194304    4194304 |    4201472          0          0    4194312
english       |    10   30   12    3    1   13 |   12   10 |    2230250    2241386 |    2235169    2227841    2228088    2215515
zipfian       |    10  256  118    9    1  127 |   16    8 |    3283735    3295511 |    3286667    3280325    3280574    3259441
sparse_4      |     2    4    0    1    1    1 |    0    0 |    1048576    1048576 |    1055744    1048704    1048992    1048584
sparse_16     |     4   16    6    1    1    7 |    0    0 |    2097152    2097152 |    2104320    2097472    2097760    2097160
geometric     |    11  256  122    6    1  126 |    9    4 |    1378915    1385251 |    1385006    1051741    1051987    1057994
two_sym_eq    |     1    2    0    0    1    0 |    1    2 |     524288     525888 |     531456     524384     524672     524296
two_sym_90/10 |     1    2    0    0    1    0 |    1    2 |     524288     525888 |     531456     524384     524672     245846
flat_M3       |     3    8    2    1    1    3 |    0    0 |    1572864    1572864 |    1580032    1573056    1573344    1572872
flat_M5       |     5   32   14    1    1   15 |    0    0 |    2621440    2621440 |    2628608    2622016    2622304    2621448
flat_M6       |     6   64   30    1    1   31 |    0    0 |    3145728    3145728 |    3152896    3146816    3147104    3145736
flat_M7       |     7  128   62    1    1   63 |    0    0 |    3670016    3670016 |    3677184    3672128    3672416    3670024
html_wiki     |    11  197   90    9    1   96 |   21   13 |    2959047    2975943 |    2961212    2910766    2911016    2870339
prose_pride   |    11   96   46    4    1   44 |   19   16 |    2419062    2436790 |    2422522    2403707    2403956    2375005
image_jpeg    |    10  256  121    6    1  127 |    9    4 |    4154045    4160381 |    4159142    4152083    4152331    4135145
json_api      |    11   98   40    9    1   47 |   22   14 |    2752846    2770766 |    2754549    2744739    2744990    2724794
source_c      |    11   97   39   10    1   46 |   22   13 |    2620583    2637927 |    2622199    2613609    2613859    2599122
log_apache    |    11   85   35    9    1   39 |   21   13 |    2907016    2923912 |    2908981    2900952    2901203    2882117
dna_fasta     |    10   38   16    4    1   16 |    9    6 |    1189466    1196954 |    1195610    1188141    1188384    1090568
csv_numeric   |    11   54   23    5    1   24 |   18   14 |    1756533    1772661 |    1760015    1752132    1752380    1729751
gzip_random   |     8  256  126    1    1  127 |    0    0 |    4194304    4194304 |    4201472          0          0    4193336
chinese_text  |    11  151   70    7    1   72 |   17   11 |    3139218    3153170 |    3142664    3082517    3082761    3049381
  Dmax=max Huffman code length; Lvs=# leaves; Ful/Flt/Hal/B2L=internal-node-type counts
  vIN/vLv = flat-aware VISIBLE internals/leaves (excludes nodes buried inside flat subtrees)
  +hdr_est = pivco_raw + (vIN*7 + vLv*9) * NBLOCKS/8 bits per-block table-encoding overhead
  Lower = better.  Original size = 4194304 bytes (4MB).

  5 runs of 80M symbols each (20x 4M), drop 2 slowest, warn if spread > 5%
  PIVCO/trad decode in 8192-symbol blocks
  huf0 uses 128KB chunks (its max block size)
  rANS decodes full 4M at once
  CPU freq drift: +0.1% (OK)
  Total wall time: 264.2 seconds
