=== PIVCO-Huffman Benchmarks (PIVCO_MAX_CODE_LEN=11) ===
Sequence: 4M, Repeats: 20 (80M/run), Block: 4096, Runs: 5 (drop 2)

DECODE M/s    | pivco_s pivco_n pivco_bu pivco_p | trad_1s tradConnection to ec2-54-153-71-132.us-west-1.compute.amazonaws.com closed by remote host.
client_loop: send diRead from remote host ec2-54-153-71-132.us-west-1.compute.amazonaws.com: Operation timed out
client_loop: send disconnect: Broken pipe
092    1576 |     268 |  2.41x
proba50       |     124    1566    2145       0 |     410     673 |     372    1085    1556 |     224 |  1.38x
proba14       |      75     915    1071       0 |     353     671 |     372    1088    1504 |     227 |  0.71x
proba02       |      77     792     897       0 |     333     668 |     371    1072     905 |     222 |  0.84x
bell_s10      |     126    1082    1545       0 |     335     670 |     371    1076    1350 |     231 |  1.14x
bell_s30      |      76     794     936       0 |     333     669 |     371    1070     842 |     226 |  0.87x
bell_s80      |     131     952    1205       0 |     359     773 |       0       0       0 |     272 |  1.56x
uniform       |    1113    2969    2961       0 |     390     793 |       0       0       0 |     299 |  3.74x
english       |     100    1016    1262       0 |     358     737 |     372    1081    1506 |     236 |  0.84x
zipfian       |      73     834     944       0 |     315     736 |     371    1076    1088 |     187 |  0.87x
sparse_4      |    1119    2941    2937       0 |     466     819 |     373    1093    1580 |     328 |  1.86x
sparse_16     |    1118   21129   21337       0 |     435     817 |     372    1095    1540 |     317 | 13.86x
geometric     |     127    1477    1949       0 |     382     673 |     372    1086    1544 |     223 |  1.26x
two_sym_eq    |     254   26408   23642       0 |     483     819 |     373    1089    1538 |     337 | 17.17x
two_sym_90/10 |     754   26691   23624       0 |     488     819 |     373    1088    1552 |     301 | 17.20x
flat_M3       |    1044    2651    2650       0 |     447     817 |     373    1095    1558 |     324 |  1.70x
flat_M5       |    1012    2312    2309       0 |     418     815 |     373    1093    1519 |     311 |  1.52x
flat_M6       |     982    2318    2317       0 |     408     811 |     373    1091    1433 |     304 |  1.62x
flat_M7       |     981    2177    2176       0 |     399     804 |     372    1089     828 |     300 |  2.00x
html_wiki     |      76     815     886       0 |     331     671 |     371    1074    1282 |     205 |  0.69x
prose_pride   |      73     873    1035       0 |     341     671 |     371    1077    1390 |     215 |  0.74x
image_jpeg    |     115     928    1109       0 |     354     735 |     370    1071     785 |     268 |  1.04x
json_api      |      72     819     897       0 |     337     671 |     371    1079    1337 |     202 |  0.67x
source_c      |      80     932    1019       0 |     330     670 |     371    1077    1301 |     187 |  0.78x
log_apache    |      74     799     879       0 |     342     670 |     372    1082    1310 |     209 |  0.67x
dna_fasta     |     115    1268    2382       0 |     421     739 |     372    1084    1529 |     305 |  1.56x
csv_numeric   |      98    1137    1458       0 |     362     672 |     372    1082    1490 |     198 |  0.98x
gzip_random   |    1111    2967    2964       0 |     390     790 |       0       0       0 |     296 |  3.76x
chinese_text  |      75     850    1018       0 |     330     670 |     371    1076    1195 |     209 |  0.85x

=== Compression sizes (bytes for 4M input) ===
DIST          |  Dmax  Lvs  Ful  Flt  Hal  B2L |  vIN  vLv |  pivco_raw   +hdr_est |    trad_4s    huf0_1s    huf0_x2    rans_x2
--------------|-----------------------------|-----------|----------------------|-----------------------------------------------
proba80       |     5    6    3    0    1    1 |    5    6 |     657143     668535 |     671528     655561     655802     473736
proba50       |    11   12    9    0    1    1 |   11   12 |    1052419    1076099 |    1064062    1048201    1048445    1047965
proba14       |    11   48   18    8    1   20 |   15    8 |    2215620    2238276 |    2222305    2206777    2207023    2191472
proba02       |    11  255  113   14    1  126 |   20    7 |    3741195    3767179 |    3743460    3729433    3729686    3714062
bell_s10      |    11  256  120    8    1  126 |   11    4 |    3006933    3021397 |    3016993    2863870    2864118    2823642
bell_s30      |    11  256  116   12    1  126 |   15    4 |    3727399    3745447 |    3733171    3686052    3686295    3646349
bell_s80      |     9  256  123    4    1  127 |    3    0 |    4174611    4177299 |    4188076          0          0    4149253
uniform       |     8  256  126    1    1  127 |    0    0 |    4194304    4194304 |    4208640          0          0    4194312
english       |    10   30   12    3    1   13 |   12   10 |    2233284    2255556 |    2243265    2227841    2228088    2215515
zipfian       |    10  256  118    9    1  127 |   16    8 |    3288942    3312494 |    3294740    3280325    3280574    3259441
sparse_4      |     2    4    0    1    1    1 |    0    0 |    1048576    1048576 |    1062912    1048704    1048992    1048584
sparse_16     |     4   16    6    1    1    7 |    0    0 |    2097152    2097152 |    2111488    2097472    2097760    2097160
geometric     |    11  256  122    6    1  126 |    9    4 |    1380916    1393588 |    1393016    1051741    1051987    1057994
two_sym_eq    |     1    2    0    0    1    0 |    1    2 |     524288     527488 |     538624     524384     524672     524296
two_sym_90/10 |     1    2    0    0    1    0 |    1    2 |     524288     527488 |     538624     524384     524672     245846
flat_M3       |     3    8    2    1    1    3 |    0    0 |    1572864    1572864 |    1587200    1573056    1573344    1572872
flat_M5       |     5   32   14    1    1   15 |    0    0 |    2621440    2621440 |    2635776    2622016    2622304    2621448
flat_M6       |     6   64   30    1    1   31 |    0    0 |    3145728    3145728 |    3160064    3146816    3147104    3145736
flat_M7       |     7  128   62    1    1   63 |    0    0 |    3670016    3670016 |    3684352    3672128    3672416    3670024
html_wiki     |    11  197   90    9    1   96 |   21   13 |    2964807    2998599 |    2969239    2910766    2911016    2870339
prose_pride   |    11   96   46    4    1   44 |   19   16 |    2423627    2459083 |    2430573    2403707    2403956    2375005
image_jpeg    |    10  256  121    6    1  127 |    9    4 |    4157049    4169721 |    4167221    4152083    4152331    4135145
json_api      |    11   98   40    9    1   47 |   22   14 |    2759060    2794900 |    2762609    2744739    2744990    2724794
source_c      |    11   97   39   10    1   46 |   22   13 |    2626753    2661441 |    2630269    2613609    2613859    2599122
log_apache    |    11   85   35    9    1   39 |   21   13 |    2912857    2946649 |    2917020    2900952    2901203    2882117
dna_fasta     |    10   38   16    4    1   16 |    9    6 |    1190580    1205556 |    1203729    1188141    1188384    1090568
csv_numeric   |    11   54   23    5    1   24 |   18   14 |    1761240    1793496 |    1768037    1752132    1752380    1729751
gzip_random   |     8  256  126    1    1  127 |    0    0 |    4194304    4194304 |    4208640          0          0    4193336
chinese_text  |    11  151   70    7    1   72 |   17   11 |    3143792    3171696 |    3150777    3082517    3082761    3049381
  Dmax=max Huffman code length; Lvs=# leaves; Ful/Flt/Hal/B2L=internal-node-type counts
  vIN/vLv = flat-aware VISIBLE internals/leaves (excludes nodes buried inside flat subtrees)
  +hdr_est = pivco_raw + (vIN*7 + vLv*9) * NBLOCKS/8 bits per-block table-encoding overhead
  Lower = better.  Original size = 4194304 bytes (4MB).

  5 runs of 80M symbols each (20x 4M), drop 2 slowest, warn if spread > 5%
  PIVCO/trad decode in 4096-symbol blocks
  huf0 uses 128KB chunks (its max block size)
  rANS decodes full 4M at once
  CPU freq drift: +0.1% (OK)
  Total wall time: 266.4 seconds
