[100%] Built target pivco_huffman_bench
=== PIVCO-Huffman Benchmarks (PIVCO_MAX_CODE_LEN=11) ===
Sequence: 4M, Repeats: 20 (80M/run), Block: 8192, Runs: 5 (drop 2)

DECODE M/s    | pivco_s pivco_n pivco_bu pivco_p | trad_1s trad_4s | huf0_1s huf0_x1 huf0_x2 | rans_x2 |   ratio
--------------|---------------------------------|-----------------|----------------------------|---------|--------
proba80       |     419    4237    4504     490 |     393    1040 |     279    1049    1929 |     267 |  2.33x
proba50       |     136    2087    2682     426 |     366     902 |     278    1038    1940 |     225 |  1.38x
proba14       |      85    1181    1581     427 |     322     893 |     278    1041    1870 |     230 |  0.85x
proba02       |      86    1023    1402     412 |     305     889 |     278    1030    1117 |     231 |  1.25x
bell_s10      |     138    1439    2082     385 |     307     894 |     278    1032    1708 |     237 |  1.22x
bell_s30      |      86     983    1364     406 |     305     888 |     278    1030    1056 |     236 |  1.29x
bell_s80      |     144    1303    1663     372 |     318     975 |       0       0       0 |     286 |  1.70x
uniform       |    1036    2404    2403    2397 |     342     993 |       0       0       0 |     316 |  2.42x
english       |     111    1326    1994     433 |     326     949 |     278    1038    1867 |     240 |  1.07x
zipfian       |      81    1021    1323     431 |     293     961 |     278    1029    1350 |     193 |  0.98x
sparse_4      |    1043   17065   16682    3015 |     407    1027 |     279    1047    1950 |     331 |  8.75x
sparse_16     |    1041   15966   15768    2523 |     381    1013 |     278    1050    1886 |     329 |  8.47x
geometric     |     139    1899    2316     416 |     346     900 |     278    1037    1936 |     224 |  1.20x
two_sym_eq    |     268   12967   12844    3357 |     420    1025 |     279    1045    1941 |     332 |  6.68x
two_sym_90/10 |     794   12931   12830    3348 |     417    1025 |     279    1045    1915 |     294 |  6.75x
flat_M3       |    1000   10125    9562    1822 |     392    1023 |     279    1052    1942 |     329 |  5.21x
flat_M5       |     959    9798    9925    1308 |     372    1020 |     278    1050    1863 |     325 |  5.33x
flat_M6       |     958    9166    9094    1883 |     359    1015 |     278    1043    1707 |     322 |  5.37x
flat_M7       |     937    2531    2511    1440 |     352    1006 |     278    1044     982 |     319 |  2.42x
html_wiki     |      85    1035    1374     446 |     305     894 |     278    1032    1609 |     210 |  0.85x
prose_pride   |      82    1100    1480     425 |     313     893 |     278    1031    1781 |     219 |  0.83x
image_jpeg    |     127    1249    1533     397 |     316     938 |     277    1033     969 |     283 |  1.48x
json_api      |      81    1047    1346     406 |     310     896 |     278    1034    1690 |     207 |  0.80x
source_c      |      89    1168    1494     425 |     304     906 |     278    1035    1658 |     191 |  0.90x
log_apache    |      83    1003    1396     450 |     315     904 |     278    1036    1630 |     214 |  0.86x
dna_fasta     |     128    1596    2717     468 |     372     960 |     278    1043    1919 |     308 |  1.42x
csv_numeric   |     109    1426    2071     461 |     329     901 |     278    1036    1871 |     200 |  1.11x
gzip_random   |    1051    2405    2402    2398 |     342     992 |       0       0       0 |     312 |  2.42x
chinese_text  |      84    1076    1469     422 |     305     904 |     278    1032    1487 |     214 |  0.99x

=== Compression sizes (bytes for 4M input) ===
DIST          |  Dmax  Lvs  Ful  Flt  Hal  B2L |  vIN  vLv |  pivco_raw   +hdr_est |    trad_4s    huf0_1s    huf0_x2    rans_x2
--------------|-----------------------------|-----------|----------------------|-----------------------------------------------
proba80       |     5    6    3    0    1    1 |    5    6 |     656299     661995 |     663499     655561     655802     473736
proba50       |    11   12    9    0    1    1 |   11   12 |    1050161    1062001 |    1056052    1048201    1048445    1047965
proba14       |    11   48   18    8    1   20 |   15    8 |    2210889    2222217 |    2214224    2206777    2207023    2191472
proba02       |    11  255  113   14    1  126 |   20    7 |    3734279    3747271 |    3735384    3729433    3729686    3714062
bell_s10      |    11  256  120    8    1  126 |   11    4 |    3004075    3011307 |    3008884    2863870    2864118    2823642
bell_s30      |    11  256  116   12    1  126 |   15    4 |    3722267    3731291 |    3725109    3686052    3686295    3646349
bell_s80      |     9  256  123    4    1  127 |    3    0 |    4173260    4174604 |    4180029          0          0    4149253
uniform       |     8  256  126    1    1  127 |    0    0 |    4194304    4194304 |    4201472          0          0    4194312
english       |    10   30   12    3    1   13 |   12   10 |    2230250    2241386 |    2235169    2227841    2228088    2215515
zipfian       |    10  256  118    9    1  127 |   16    8 |    3283735    3295511 |    3286667    3280325    3280574    3259441
sparse_4      |     2    4    0    1    1    1 |    0    0 |    1048576    1048576 |    1055744    1048704    1048992    1048584
sparse_16     |     4   16    6    1    1    7 |    0    0 |    2097152    2097152 |    2104320    2097472    2097760    2097160
geometric     |    11  256  122    6    1  126 |    9    4 |    1378915    1385251 |    1385006    1051741    1051987    1057994
two_sym_eq    |     1    2    0    0    1    0 |    1    2 |     524288     525888 |     531456     524384     524672     524296
two_sym_90/10 |     1    2    0    0    1    0 |    1    2 |     524288     525888 |     531456     524384     524672     245846
flat_M3       |     3    8    2    1    1    3 |    0    0 |    1572864    1572864 |    1580032    1573056    1573344    1572872
flat_M5       |     5   32   14    1    1   15 |    0    0 |    2621440    2621440 |    2628608    2622016    2622304    2621448
flat_M6       |     6   64   30    1    1   31 |    0    0 |    3145728    3145728 |    3152896    3146816    3147104    3145736
flat_M7       |     7  128   62    1    1   63 |    0    0 |    3670016    3670016 |    3677184    3672128    3672416    3670024
html_wiki     |    11  197   90    9    1   96 |   21   13 |    2959047    2975943 |    2961212    2910766    2911016    2870339
prose_pride   |    11   96   46    4    1   44 |   19   16 |    2419062    2436790 |    2422522    2403707    2403956    2375005
image_jpeg    |    10  256  121    6    1  127 |    9    4 |    4154045    4160381 |    4159142    4152083    4152331    4135145
json_api      |    11   98   40    9    1   47 |   22   14 |    2752846    2770766 |    2754549    2744739    2744990    2724794
source_c      |    11   97   39   10    1   46 |   22   13 |    2620583    2637927 |    2622199    2613609    2613859    2599122
log_apache    |    11   85   35    9    1   39 |   21   13 |    2907016    2923912 |    2908981    2900952    2901203    2882117
dna_fasta     |    10   38   16    4    1   16 |    9    6 |    1189466    1196954 |    1195610    1188141    1188384    1090568
csv_numeric   |    11   54   23    5    1   24 |   18   14 |    1756533    1772661 |    1760015    1752132    1752380    1729751
gzip_random   |     8  256  126    1    1  127 |    0    0 |    4194304    4194304 |    4201472          0          0    4193336
chinese_text  |    11  151   70    7    1   72 |   17   11 |    3139218    3153170 |    3142664    3082517    3082761    3049381
  Dmax=max Huffman code length; Lvs=# leaves; Ful/Flt/Hal/B2L=internal-node-type counts
  vIN/vLv = flat-aware VISIBLE internals/leaves (excludes nodes buried inside flat subtrees)
  +hdr_est = pivco_raw + (vIN*7 + vLv*9) * NBLOCKS/8 bits per-block table-encoding overhead
  Lower = better.  Original size = 4194304 bytes (4MB).

  5 runs of 80M symbols each (20x 4M), drop 2 slowest, warn if spread > 5%
  PIVCO/trad decode in 8192-symbol blocks
  huf0 uses 128KB chunks (its max block size)
  rANS decodes full 4M at once
  CPU freq drift: +0.1% (OK)
  Total wall time: 281.0 seconds
