=== PIVCO-Huffman Benchmarks (PIVCO_MAX_CODE_LEN=11) ===
Sequence: 4M, Repeats: 20 (80M/run), Block: 8192, Runs: 5 (drop 2)

DECODE M/s    | pivco_s pivco_n pivco_p | trad_1s trad_4s | huf0_1s huf0_x1 huf0_x2 | rans_x2 |   ratio
--------------|-------------------------|-----------------|----------------------------|---------|--------
proba80       |     348    6530       0 |     434     756 |     316    1048    1787 |     252 |  3.65x
proba50       |     118    3525       0 |     396     689 |     316    1049    1782 |     212 |  1.98x
proba14       |      75    2456       0 |     348     687 |     316    1052    1728 |     217 |  1.42x
proba02       |      77    2192       0 |     335     687 |     315    1040    1027 |     214 |  2.11x
bell_s10      |     127    2805       0 |     334     688 |     315    1039    1597 |     223 |  1.76x
bell_s30      |      78    2183       0 |     335     687 |     315    1039     971 |     218 |  2.10x
bell_s80      |     133    2364       0 |     364     736 |       0       0       0 |     263 |  3.21x
uniform       |    1213    4584       0 |     405     745 |       0       0       0 |     289 |  6.15x
english       |      99    2685       0 |     356     721 |     316    1047    1740 |     226 |  1.54x
zipfian       |      72    2344       0 |     317     720 |     315    1039    1243 |     180 |  1.89x
sparse_4      |    1213   24058       0 |     471     759 |     316    1048    1802 |     314 | 13.35x
sparse_16     |    1212   20069       0 |     435     757 |     316    1049    1779 |     304 | 11.28x
geometric     |     122    3380       0 |     368     688 |     316    1052    1789 |     212 |  1.89x
two_sym_eq    |     232    4801       0 |     447     758 |     316    1046    1800 |     319 |  2.67x
two_sym_90/10 |     659    9248       0 |     447     758 |     316    1048    1780 |     280 |  5.20x
flat_M3       |    1098   21873       0 |     452     757 |     316    1051    1793 |     309 | 12.20x
flat_M5       |    1048   18521       0 |     435     755 |     316    1050    1778 |     300 | 10.42x
flat_M6       |    1124   17195       0 |     423     753 |     316    1047    1642 |     297 | 10.47x
flat_M7       |     877    3789       0 |     414     749 |     316    1046     909 |     293 |  3.62x
html_wiki     |      76    2220       0 |     330     687 |     315    1042    1495 |     198 |  1.48x
prose_pride   |      73    2283       0 |     338     688 |     315    1044    1644 |     207 |  1.39x
image_jpeg    |     114    2268       0 |     359     718 |     315    1040     902 |     260 |  2.18x
json_api      |      72    2253       0 |     337     687 |     315    1045    1570 |     195 |  1.43x
source_c      |      79    2545       0 |     326     687 |     316    1044    1528 |     180 |  1.67x
log_apache    |      74    2170       0 |     345     688 |     316    1047    1515 |     202 |  1.43x
dna_fasta     |     113    2944       0 |     413     721 |     316    1045    1775 |     291 |  1.66x
csv_numeric   |      96    2924       0 |     354     688 |     316    1048    1727 |     189 |  1.69x
gzip_random   |    1212    4579       0 |     405     744 |       0       0       0 |     285 |  6.15x
chinese_text  |      76    2166       0 |     333     687 |     315    1043    1378 |     201 |  1.57x

=== Compression sizes (bytes for 4M input) ===
DIST          |  Dmax  Lvs  Ful  Flt  Hal  B2L |  pivco_raw   +hdr_est |    trad_4s    huf0_1s    huf0_x2    rans_x2
--------------|-----------------------------|----------------------|-----------------------------------------------
proba80       |     5    6    3    0    1    1 |     656299     661995 |     663499     655561     655802     473736
proba50       |    11   12    9    0    1    1 |    1050161    1062001 |    1056052    1048201    1048445    1047965
proba14       |    11   48   18    8    1   20 |    2210889    2259593 |    2214224    2206777    2207023    2191472
proba02       |    11  255  113   14    1  126 |    3734279    3994951 |    3735384    3729433    3729686    3714062
bell_s10      |    11  256  120    8    1  126 |    3004075    3265771 |    3008884    2863870    2864118    2823642
bell_s30      |    11  256  116   12    1  126 |    3722267    3983963 |    3725109    3686052    3686295    3646349
bell_s80      |     9  256  123    4    1  127 |    4173260    4434956 |    4180029          0          0    4149253
uniform       |     8  256  126    1    1  127 |    4194304    4456000 |    4201472          0          0    4194312
english       |    10   30   12    3    1   13 |    2230250    2260522 |    2235169    2227841    2228088    2215515
zipfian       |    10  256  118    9    1  127 |    3283735    3545431 |    3286667    3280325    3280574    3259441
sparse_4      |     2    4    0    1    1    1 |    1048576    1052224 |    1055744    1048704    1048992    1048584
sparse_16     |     4   16    6    1    1    7 |    2097152    2113088 |    2104320    2097472    2097760    2097160
geometric     |    11  256  122    6    1  126 |    1378915    1640611 |    1385006    1051741    1051987    1057994
two_sym_eq    |     1    2    0    0    1    0 |     524288     525888 |     531456     524384     524672     524296
two_sym_90/10 |     1    2    0    0    1    0 |     524288     525888 |     531456     524384     524672     245846
flat_M3       |     3    8    2    1    1    3 |    1572864    1580608 |    1580032    1573056    1573344    1572872
flat_M5       |     5   32   14    1    1   15 |    2621440    2653760 |    2628608    2622016    2622304    2621448
flat_M6       |     6   64   30    1    1   31 |    3145728    3210816 |    3152896    3146816    3147104    3145736
flat_M7       |     7  128   62    1    1   63 |    3670016    3800640 |    3677184    3672128    3672416    3670024
html_wiki     |    11  197   90    9    1   96 |    2959047    3160327 |    2961212    2910766    2911016    2870339
prose_pride   |    11   96   46    4    1   44 |    2419062    2516918 |    2422522    2403707    2403956    2375005
image_jpeg    |    10  256  121    6    1  127 |    4154045    4415741 |    4159142    4152083    4152331    4135145
json_api      |    11   98   40    9    1   47 |    2752846    2852750 |    2754549    2744739    2744990    2724794
source_c      |    11   97   39   10    1   46 |    2620583    2719463 |    2622199    2613609    2613859    2599122
log_apache    |    11   85   35    9    1   39 |    2907016    2993608 |    2908981    2900952    2901203    2882117
dna_fasta     |    10   38   16    4    1   16 |    1189466    1227930 |    1195610    1188141    1188384    1090568
csv_numeric   |    11   54   23    5    1   24 |    1756533    1811381 |    1760015    1752132    1752380    1729751
gzip_random   |     8  256  126    1    1  127 |    4194304    4456000 |    4201472          0          0    4193336
chinese_text  |    11  151   70    7    1   72 |    3139218    3293394 |    3142664    3082517    3082761    3049381
  Dmax=max Huffman code length; Lvs=# leaves; Ful/Flt/Hal=internal-FULL/FLAT/HALF-prefilled counts
  +hdr_est = pivco_raw + (n_internal*7 + n_leaves*9) * NBLOCKS/8 bits per-block table overhead
  Lower = better.  Original size = 4194304 bytes (4MB).

  5 runs of 80M symbols each (20x 4M), drop 2 slowest, warn if spread > 5%
  PIVCO/trad decode in 8192-symbol blocks
  huf0 uses 128KB chunks (its max block size)
  rANS decodes full 4M at once
  CPU freq drift: +0.1% (OK)
  Total wall time: 260.0 seconds
