=== PIVCO-Huffman Benchmarks (PIVCO_MAX_CODE_LEN=11) ===
Sequence: 4M, Repeats: 20 (80M/run), Block: 8192, Runs: 5 (drop 2)

DECODE M/s    | pivco_s pivco_n pivco_p | trad_1s trad_4s | huf0_1s huf0_x1 huf0_x2 | rans_x2 |   ratio
--------------|-------------------------|-----------------|----------------------------|---------|--------
proba80       |     417    4258     490 |     393    1040 |     279    1049    1870 |     267 |  2.28x
proba50       |     136    2073     426 |     367     902 |     278    1037    1930 |     225 |  1.07x
proba14       |      85    1199     428 |     322     900 |     278    1041    1864 |     230 |  0.64x
proba02       |      86    1063     411 |     304     899 |     278    1030    1113 |     231 |  0.96x
bell_s10      |     138    1432     386 |     307     895 |     278    1032    1701 |     237 |  0.84x
bell_s30      |      86    1050     404 |     305     889 |     278    1030    1054 |     236 |  1.00x
bell_s80      |     144    1291     371 |     318     986 |       0       0       0 |     286 |  1.31x
uniform       |    1039    2555    2425 |     342     992 |       0       0       0 |     317 |  2.57x
english       |     111    1281     434 |     326     947 |     278    1037    1863 |     240 |  0.69x
zipfian       |      81    1033     432 |     293     952 |     278    1029    1342 |     193 |  0.77x
sparse_4      |    1043   17659    3017 |     407    1027 |     279    1047    1942 |     331 |  9.09x
sparse_16     |    1048   16431    2401 |     381    1018 |     278    1051    1880 |     329 |  8.74x
geometric     |     138    1940     420 |     346     900 |     278    1037    1929 |     224 |  1.01x
two_sym_eq    |     266   12884    3330 |     420    1035 |     279    1045    1931 |     332 |  6.67x
two_sym_90/10 |     793   12934    3350 |     420    1024 |     279    1045    1915 |     295 |  6.75x
flat_M3       |    1000   10319    1822 |     393    1024 |     279    1051    1934 |     329 |  5.34x
flat_M5       |     956   11390    1302 |     372    1020 |     279    1050    1861 |     325 |  6.12x
flat_M6       |     959    9469    1894 |     359    1016 |     278    1043    1704 |     322 |  5.56x
flat_M7       |     936    2575    1442 |     352    1004 |     278    1044     978 |     319 |  2.47x
html_wiki     |      86    1058     447 |     305     895 |     278    1032    1601 |     210 |  0.66x
prose_pride   |      82    1123     426 |     314     904 |     278    1031    1776 |     219 |  0.63x
image_jpeg    |     127    1228     397 |     315     944 |     278    1033     972 |     283 |  1.19x
json_api      |      81    1061     407 |     310     897 |     278    1034    1682 |     207 |  0.63x
source_c      |      89    1192     426 |     304     906 |     278    1035    1651 |     191 |  0.72x
log_apache    |      83    1030     450 |     315     895 |     278    1036    1623 |     214 |  0.63x
dna_fasta     |     128    1596     468 |     372     960 |     278    1042    1911 |     308 |  0.83x
csv_numeric   |     109    1424     461 |     329     895 |     278    1036    1869 |     200 |  0.76x
gzip_random   |    1041    2554    2430 |     342     993 |       0       0       0 |     312 |  2.57x
chinese_text  |      84    1098     421 |     304     893 |     278    1031    1480 |     215 |  0.74x

=== Compression sizes (bytes for 4M input) ===
DIST          |  Dmax  Lvs  Ful  Flt  Hal  B2L |  pivco_raw   +hdr_est |    trad_4s    huf0_1s    huf0_x2    rans_x2
--------------|-----------------------------|----------------------|-----------------------------------------------
proba80       |     5    6    3    0    1    1 |     656299     661995 |     663499     655561     655802     473736
proba50       |    11   12    9    0    1    1 |    1050161    1062001 |    1056052    1048201    1048445    1047965
proba14       |    11   48   18    8    1   20 |    2210889    2259593 |    2214224    2206777    2207023    2191472
proba02       |    11  255  113   14    1  126 |    3734279    3994951 |    3735384    3729433    3729686    3714062
bell_s10      |    11  256  120    8    1  126 |    3004075    3265771 |    3008884    2863870    2864118    2823642
bell_s30      |    11  256  116   12    1  126 |    3722267    3983963 |    3725109    3686052    3686295    3646349
bell_s80      |     9  256  123    4    1  127 |    4173260    4434956 |    4180029          0          0    4149253
uniform       |     8  256  126    1    1  127 |    4194304    4456000 |    4201472          0          0    4194312
english       |    10   30   12    3    1   13 |    2230250    2260522 |    2235169    2227841    2228088    2215515
zipfian       |    10  256  118    9    1  127 |    3283735    3545431 |    3286667    3280325    3280574    3259441
sparse_4      |     2    4    0    1    1    1 |    1048576    1052224 |    1055744    1048704    1048992    1048584
sparse_16     |     4   16    6    1    1    7 |    2097152    2113088 |    2104320    2097472    2097760    2097160
geometric     |    11  256  122    6    1  126 |    1378915    1640611 |    1385006    1051741    1051987    1057994
two_sym_eq    |     1    2    0    0    1    0 |     524288     525888 |     531456     524384     524672     524296
two_sym_90/10 |     1    2    0    0    1    0 |     524288     525888 |     531456     524384     524672     245846
flat_M3       |     3    8    2    1    1    3 |    1572864    1580608 |    1580032    1573056    1573344    1572872
flat_M5       |     5   32   14    1    1   15 |    2621440    2653760 |    2628608    2622016    2622304    2621448
flat_M6       |     6   64   30    1    1   31 |    3145728    3210816 |    3152896    3146816    3147104    3145736
flat_M7       |     7  128   62    1    1   63 |    3670016    3800640 |    3677184    3672128    3672416    3670024
html_wiki     |    11  197   90    9    1   96 |    2959047    3160327 |    2961212    2910766    2911016    2870339
prose_pride   |    11   96   46    4    1   44 |    2419062    2516918 |    2422522    2403707    2403956    2375005
image_jpeg    |    10  256  121    6    1  127 |    4154045    4415741 |    4159142    4152083    4152331    4135145
json_api      |    11   98   40    9    1   47 |    2752846    2852750 |    2754549    2744739    2744990    2724794
source_c      |    11   97   39   10    1   46 |    2620583    2719463 |    2622199    2613609    2613859    2599122
log_apache    |    11   85   35    9    1   39 |    2907016    2993608 |    2908981    2900952    2901203    2882117
dna_fasta     |    10   38   16    4    1   16 |    1189466    1227930 |    1195610    1188141    1188384    1090568
csv_numeric   |    11   54   23    5    1   24 |    1756533    1811381 |    1760015    1752132    1752380    1729751
gzip_random   |     8  256  126    1    1  127 |    4194304    4456000 |    4201472          0          0    4193336
chinese_text  |    11  151   70    7    1   72 |    3139218    3293394 |    3142664    3082517    3082761    3049381
  Dmax=max Huffman code length; Lvs=# leaves; Ful/Flt/Hal=internal-FULL/FLAT/HALF-prefilled counts
  +hdr_est = pivco_raw + (n_internal*7 + n_leaves*9) * NBLOCKS/8 bits per-block table overhead
  Lower = better.  Original size = 4194304 bytes (4MB).

  5 runs of 80M symbols each (20x 4M), drop 2 slowest, warn if spread > 5%
  PIVCO/trad decode in 8192-symbol blocks
  huf0 uses 128KB chunks (its max block size)
  rANS decodes full 4M at once
  CPU freq drift: -0.2% (OK)
  Total wall time: 275.2 seconds
