=== PIVCO-Huffman Benchmarks (PIVCO_MAX_CODE_LEN=11) ===
Sequence: 4M, Repeats: 20 (80M/run), Block: 4096, Runs: 5 (drop 2)

DECODE M/s    | pivco_s pivco_n pivco_p | trad_1s trad_4s | huf0_1s huf0_x1 huf0_x2 | rans_x2 |   ratio
--------------|-------------------------|-----------------|----------------------------|---------|--------
proba80       |     391    2653       0 |     448     815 |     373    1089    1570 |     268 |  1.69x
proba50       |     124    1540       0 |     411     673 |     373    1085    1550 |     223 |  0.99x
proba14       |      75     850       0 |     354     671 |     373    1086    1495 |     227 |  0.57x
proba02       |      77     747       0 |     333     669 |     371    1073     892 |     222 |  0.70x
bell_s10      |     126    1037       0 |     334     670 |     371    1075    1379 |     231 |  0.75x
bell_s30      |      76     749       0 |     333     670 |     371    1069     843 |     226 |  0.70x
bell_s80      |     131     900       0 |     358     771 |       0       0       0 |     272 |  1.17x
uniform       |    1116    2979       0 |     390     791 |       0       0       0 |     299 |  3.77x
english       |     100     946       0 |     358     736 |     372    1080    1470 |     236 |  0.64x
zipfian       |      73     781       0 |     314     735 |     371    1073    1062 |     187 |  0.73x
sparse_4      |    1119    2923       0 |     466     817 |     373    1091    1543 |     328 |  1.89x
sparse_16     |    1117   28023       0 |     433     816 |     372    1091    1556 |     317 | 18.01x
geometric     |     127    1432       0 |     384     672 |     372    1084    1528 |     222 |  0.94x
two_sym_eq    |     254   26244       0 |     483     819 |     373    1085    1578 |     337 | 16.63x
two_sym_90/10 |     753   26306       0 |     485     819 |     373    1085    1559 |     301 | 16.88x
flat_M3       |    1044    2861       0 |     448     818 |     373    1089    1565 |     324 |  1.83x
flat_M5       |    1011    2561       0 |     418     813 |     373    1091    1525 |     311 |  1.68x
flat_M6       |     979    2539       0 |     408     809 |     373    1087    1440 |     303 |  1.76x
flat_M7       |     979    2310       0 |     399     803 |     373    1085     827 |     299 |  2.13x
html_wiki     |      76     763       0 |     330     670 |     371    1075    1273 |     205 |  0.60x
prose_pride   |      73     817       0 |     342     671 |     371    1076    1426 |     215 |  0.57x
image_jpeg    |     115     870       0 |     354     733 |     370    1070     788 |     269 |  0.81x
json_api      |      72     769       0 |     338     670 |     372    1078    1345 |     203 |  0.57x
source_c      |      80     870       0 |     330     671 |     372    1078    1285 |     188 |  0.68x
log_apache    |      74     753       0 |     343     669 |     372    1079    1283 |     209 |  0.59x
dna_fasta     |     115    1182       0 |     421     738 |     372    1084    1554 |     305 |  0.76x
csv_numeric   |      98    1046       0 |     362     671 |     372    1081    1496 |     198 |  0.70x
gzip_random   |    1114    2972       0 |     390     793 |       0       0       0 |     296 |  3.75x
chinese_text  |      75     785       0 |     331     671 |     371    1075    1176 |     209 |  0.67x

=== Compression sizes (bytes for 4M input) ===
DIST          |  Dmax  Lvs  Ful  Flt  Hal  B2L |  pivco_raw   +hdr_est |    trad_4s    huf0_1s    huf0_x2    rans_x2
--------------|-----------------------------|----------------------|-----------------------------------------------
proba80       |     5    6    3    0    1    1 |     657143     668535 |     671528     655561     655802     473736
proba50       |    11   12    9    0    1    1 |    1052419    1076099 |    1064062    1048201    1048445    1047965
proba14       |    11   48   18    8    1   20 |    2215620    2313028 |    2222305    2206777    2207023    2191472
proba02       |    11  255  113   14    1  126 |    3741195    4262539 |    3743460    3729433    3729686    3714062
bell_s10      |    11  256  120    8    1  126 |    3006933    3530325 |    3016993    2863870    2864118    2823642
bell_s30      |    11  256  116   12    1  126 |    3727399    4250791 |    3733171    3686052    3686295    3646349
bell_s80      |     9  256  123    4    1  127 |    4174611    4698003 |    4188076          0          0    4149253
uniform       |     8  256  126    1    1  127 |    4194304    4717696 |    4208640          0          0    4194312
english       |    10   30   12    3    1   13 |    2233284    2293828 |    2243265    2227841    2228088    2215515
zipfian       |    10  256  118    9    1  127 |    3288942    3812334 |    3294740    3280325    3280574    3259441
sparse_4      |     2    4    0    1    1    1 |    1048576    1055872 |    1062912    1048704    1048992    1048584
sparse_16     |     4   16    6    1    1    7 |    2097152    2129024 |    2111488    2097472    2097760    2097160
geometric     |    11  256  122    6    1  126 |    1380916    1904308 |    1393016    1051741    1051987    1057994
two_sym_eq    |     1    2    0    0    1    0 |     524288     527488 |     538624     524384     524672     524296
two_sym_90/10 |     1    2    0    0    1    0 |     524288     527488 |     538624     524384     524672     245846
flat_M3       |     3    8    2    1    1    3 |    1572864    1588352 |    1587200    1573056    1573344    1572872
flat_M5       |     5   32   14    1    1   15 |    2621440    2686080 |    2635776    2622016    2622304    2621448
flat_M6       |     6   64   30    1    1   31 |    3145728    3275904 |    3160064    3146816    3147104    3145736
flat_M7       |     7  128   62    1    1   63 |    3670016    3931264 |    3684352    3672128    3672416    3670024
html_wiki     |    11  197   90    9    1   96 |    2964807    3367367 |    2969239    2910766    2911016    2870339
prose_pride   |    11   96   46    4    1   44 |    2423627    2619339 |    2430573    2403707    2403956    2375005
image_jpeg    |    10  256  121    6    1  127 |    4157049    4680441 |    4167221    4152083    4152331    4135145
json_api      |    11   98   40    9    1   47 |    2759060    2958868 |    2762609    2744739    2744990    2724794
source_c      |    11   97   39   10    1   46 |    2626753    2824513 |    2630269    2613609    2613859    2599122
log_apache    |    11   85   35    9    1   39 |    2912857    3086041 |    2917020    2900952    2901203    2882117
dna_fasta     |    10   38   16    4    1   16 |    1190580    1267508 |    1203729    1188141    1188384    1090568
csv_numeric   |    11   54   23    5    1   24 |    1761240    1870936 |    1768037    1752132    1752380    1729751
gzip_random   |     8  256  126    1    1  127 |    4194304    4717696 |    4208640          0          0    4193336
chinese_text  |    11  151   70    7    1   72 |    3143792    3452144 |    3150777    3082517    3082761    3049381
  Dmax=max Huffman code length; Lvs=# leaves; Ful/Flt/Hal=internal-FULL/FLAT/HALF-prefilled counts
  +hdr_est = pivco_raw + (n_internal*7 + n_leaves*9) * NBLOCKS/8 bits per-block table overhead
  Lower = better.  Original size = 4194304 bytes (4MB).

  5 runs of 80M symbols each (20x 4M), drop 2 slowest, warn if spread > 5%
  PIVCO/trad decode in 4096-symbol blocks
  huf0 uses 128KB chunks (its max block size)
  rANS decodes full 4M at once
  CPU freq drift: +0.1% (OK)
  Total wall time: 258.7 seconds
