  WARNING: sparse_16/huf0_1s spread 9.4% (1095..1209)
  WARNING: flat_M5/huf0_1s spread 5.3% (983..1038)
=== PIVCO-Huffman Benchmarks (PIVCO_MAX_CODE_LEN=11) ===
Sequence: 4M, Repeats: 20 (80M/run), Block: 8192, Runs: 5 (drop 2)

DECODE M/s    | pivco_s pivco_n pivco_p | trad_1s trad_4s | huf0_1s huf0_x1 huf0_x2 | rans_x2 |   ratio
--------------|-------------------------|-----------------|----------------------------|---------|--------
proba80       |     778    9530    1094 |     535    1615 |     372    1368    2635 |     322 |  3.62x
proba50       |     318    4951    1024 |     481    1474 |     361    1334    2550 |     269 |  1.94x
proba14       |     450    2802    1222 |     419    1471 |     357    1345    2483 |     274 |  1.13x
proba02       |     572    2578    1023 |     398    1474 |     363    1322    1467 |     271 |  1.75x
bell_s10      |     798    3217    1067 |     397    1459 |     352    1315    2258 |     282 |  1.42x
bell_s30      |     562    2498    1000 |     396    1470 |     356    1318    1394 |     278 |  1.70x
bell_s80      |     823    2915     925 |     427    1571 |       0       0       0 |     331 |  1.86x
uniform       |    2201    3904    3740 |    1556    1589 |       0       0       0 |     388 |  2.46x
english       |     548    3305    1241 |     422    1538 |     356    1332    2434 |     284 |  1.36x
zipfian       |     408    2592    1197 |     375    1506 |     353    1324    1784 |     232 |  1.45x
sparse_4      |    2181   44174    6061 |    2562    1592 |    1059    3449    5171 |     425 |  8.54x
sparse_16     |    2197   44012    5638 |    2076    1605 |    1140    3184    4445 |     412 |  9.90x
geometric     |     313    4532    1005 |     444    1479 |     349    1332    2549 |     271 |  1.78x
two_sym_eq    |     374   25771    6133 |    2885    1598 |     774    3453    5259 |     432 |  4.90x
two_sym_90/10 |    1473   25146    6097 |    2874    1598 |     771    3413    4890 |     347 |  5.14x
flat_M3       |    2052   23128    3761 |    2347    1596 |     826    3479    5266 |     416 |  4.39x
flat_M5       |    1928   27558    2844 |    1874    1573 |     984    3420    5047 |     400 |  5.46x
flat_M6       |    1934   20346    3814 |    1744    1573 |    1133    3376    4314 |     397 |  4.72x
flat_M7       |    1818    4949    2894 |    1620    1575 |     786    3471    2716 |     396 |  1.43x
html_wiki     |     519    2569    1302 |     398    1478 |     345    1325    2137 |     254 |  1.20x
prose_pride   |     462    2716    1232 |     407    1475 |     346    1323    2365 |     265 |  1.15x
image_jpeg    |     730    2792     974 |     423    1539 |     349    1324    1302 |     328 |  1.81x
json_api      |     448    2615    1169 |     405    1480 |     347    1327    2246 |     251 |  1.16x
source_c      |     380    2991    1137 |     392    1476 |     346    1329    2209 |     231 |  1.35x
log_apache    |     566    2583    1326 |     411    1487 |     347    1332    2187 |     259 |  1.18x
dna_fasta     |     446    3901    1277 |     484    1551 |     349    1330    2589 |     363 |  1.51x
csv_numeric   |     455    3586    1217 |     425    1479 |     348    1327    2515 |     243 |  1.43x
gzip_random   |    2210    3890    3760 |    1563    1582 |       0       0       0 |     359 |  2.46x
chinese_text  |     511    2668    1231 |     400    1494 |     349    1327    1986 |     258 |  1.34x

=== Compression sizes (bytes for 4M input) ===
DIST          |  Dmax  Lvs  Ful  Flt  Hal  B2L |  pivco_raw   +hdr_est |    trad_4s    huf0_1s    huf0_x2    rans_x2
--------------|-----------------------------|----------------------|-----------------------------------------------
proba80       |     5    6    3    0    1    1 |     656299     661995 |     663499     655561     655802     473736
proba50       |    11   12    9    0    1    1 |    1050161    1062001 |    1056052    1048201    1048445    1047965
proba14       |    11   48   18    8    1   20 |    2210889    2259593 |    2214224    2206777    2207023    2191472
proba02       |    11  255  113   14    1  126 |    3734279    3994951 |    3735384    3729433    3729686    3714062
bell_s10      |    11  256  120    8    1  126 |    3004075    3265771 |    3008884    2863870    2864118    2823642
bell_s30      |    11  256  116   12    1  126 |    3722267    3983963 |    3725109    3686052    3686295    3646349
bell_s80      |     9  256  123    4    1  127 |    4173260    4434956 |    4180029          0          0    4149253
uniform       |     8  256  126    1    1  127 |    4194304    4456000 |    4201472          0          0    4194312
english       |    10   30   12    3    1   13 |    2230250    2260522 |    2235169    2227841    2228088    2215515
zipfian       |    10  256  118    9    1  127 |    3283735    3545431 |    3286667    3280325    3280574    3259441
sparse_4      |     2    4    0    1    1    1 |    1048576    1052224 |    1055744    1048704    1048992    1048584
sparse_16     |     4   16    6    1    1    7 |    2097152    2113088 |    2104320    2097472    2097760    2097160
geometric     |    11  256  122    6    1  126 |    1378915    1640611 |    1385006    1051741    1051987    1057994
two_sym_eq    |     1    2    0    0    1    0 |     524288     525888 |     531456     524384     524672     524296
two_sym_90/10 |     1    2    0    0    1    0 |     524288     525888 |     531456     524384     524672     245846
flat_M3       |     3    8    2    1    1    3 |    1572864    1580608 |    1580032    1573056    1573344    1572872
flat_M5       |     5   32   14    1    1   15 |    2621440    2653760 |    2628608    2622016    2622304    2621448
flat_M6       |     6   64   30    1    1   31 |    3145728    3210816 |    3152896    3146816    3147104    3145736
flat_M7       |     7  128   62    1    1   63 |    3670016    3800640 |    3677184    3672128    3672416    3670024
html_wiki     |    11  197   90    9    1   96 |    2959047    3160327 |    2961212    2910766    2911016    2870339
prose_pride   |    11   96   46    4    1   44 |    2419062    2516918 |    2422522    2403707    2403956    2375005
image_jpeg    |    10  256  121    6    1  127 |    4154045    4415741 |    4159142    4152083    4152331    4135145
json_api      |    11   98   40    9    1   47 |    2752846    2852750 |    2754549    2744739    2744990    2724794
source_c      |    11   97   39   10    1   46 |    2620583    2719463 |    2622199    2613609    2613859    2599122
log_apache    |    11   85   35    9    1   39 |    2907016    2993608 |    2908981    2900952    2901203    2882117
dna_fasta     |    10   38   16    4    1   16 |    1189466    1227930 |    1195610    1188141    1188384    1090568
csv_numeric   |    11   54   23    5    1   24 |    1756533    1811381 |    1760015    1752132    1752380    1729751
gzip_random   |     8  256  126    1    1  127 |    4194304    4456000 |    4201472          0          0    4193336
chinese_text  |    11  151   70    7    1   72 |    3139218    3293394 |    3142664    3082517    3082761    3049381
  Dmax=max Huffman code length; Lvs=# leaves; Ful/Flt/Hal=internal-FULL/FLAT/HALF-prefilled counts
  +hdr_est = pivco_raw + (n_internal*7 + n_leaves*9) * NBLOCKS/8 bits per-block table overhead
  Lower = better.  Original size = 4194304 bytes (4MB).

  5 runs of 80M symbols each (20x 4M), drop 2 slowest, warn if spread > 5%
  PIVCO/trad decode in 8192-symbol blocks
  huf0 uses 128KB chunks (its max block size)
  rANS decodes full 4M at once
  WARNING: CPU freq dropped 25.3% (throttling?)
  Total wall time: 143.6 seconds
