=== PIVCO-Huffman Benchmarks (PIVCO_MAX_CODE_LEN=15) ===
Sequence: 4M, Repeats: 20 (80M/run), Block: 4096, Runs: 5 (drop 2)

DECODE M/s    | pivco_s pivco_n pivco_p | trad_1s trad_4s | huf0_1s huf0_x1 huf0_x2 | rans_x2 |   ratio
--------------|-------------------------|-----------------|----------------------------|---------|--------
proba80       |     381    2786       0 |     361     808 |     373    1092    1593 |     268 |  1.75x
proba50       |     124    1570       0 |     285     670 |     372    1085    1559 |     223 |  1.01x
proba14       |      77     862       0 |     264     669 |     372    1087    1469 |     226 |  0.59x
proba02       |      79     755       0 |     245     668 |     371    1073     898 |     222 |  0.70x
bell_s10      |     117     985       0 |     264     181 |     371    1076    1356 |     231 |  0.73x
bell_s30      |      73     718       0 |     251     181 |     371    1072     863 |     226 |  0.67x
bell_s80      |     134     903       0 |     255     729 |       0       0       0 |     272 |  1.24x
uniform       |    1119    2976       0 |     264     770 |       0       0       0 |     299 |  3.87x
english       |     102     954       0 |     266     717 |     371    1079    1494 |     236 |  0.64x
zipfian       |      75     791       0 |     237     716 |     371    1076    1060 |     187 |  0.74x
sparse_4      |    1124    2928       0 |     301     816 |     373    1094    1571 |     328 |  1.86x
sparse_16     |    1122   27868       0 |     288     811 |     372    1094    1522 |     317 | 18.31x
geometric     |     124    1562       0 |     285     182 |     372    1085    1561 |     222 |  1.00x
two_sym_eq    |     249   26363       0 |     309     819 |     373    1088    1554 |     337 | 16.96x
two_sym_90/10 |     710   26264       0 |     441     819 |     373    1089    1550 |     301 | 16.95x
flat_M3       |    1043    2683       0 |     296     813 |     373    1094    1570 |     324 |  1.71x
flat_M5       |    1014    2390       0 |     274     807 |     373    1093    1520 |     311 |  1.57x
flat_M6       |     976    2438       0 |     274     794 |     373    1092    1432 |     304 |  1.70x
flat_M7       |     986    2318       0 |     269     792 |     373    1090     823 |     300 |  2.13x
html_wiki     |      74     734       0 |     253     182 |     371    1076    1270 |     205 |  0.58x
prose_pride   |      73     795       0 |     261     182 |     371    1078    1407 |     215 |  0.57x
image_jpeg    |     118     872       0 |     252     714 |     371    1073     799 |     269 |  0.81x
json_api      |      73     775       0 |     255     182 |     371    1080    1303 |     203 |  0.59x
source_c      |      81     863       0 |     250     182 |     371    1079    1281 |     188 |  0.67x
log_apache    |      76     755       0 |     255     182 |     372    1082    1305 |     210 |  0.58x
dna_fasta     |     117    1194       0 |     311     719 |     372    1085    1532 |     305 |  0.78x
csv_numeric   |      99    1043       0 |     271     182 |     372    1082    1480 |     198 |  0.70x
gzip_random   |    1120    2976       0 |     264     769 |       0       0       0 |     295 |  3.87x
chinese_text  |      76     786       0 |     254     180 |     371    1077    1139 |     209 |  0.69x

=== Compression sizes (bytes for 4M input) ===
DIST          |  Dmax  Lvs  Ful  Flt  Hal  B2L |  pivco_raw   +hdr_est |    trad_4s    huf0_1s    huf0_x2    rans_x2
--------------|-----------------------------|----------------------|-----------------------------------------------
proba80       |     5    6    3    0    1    1 |     657143     668535 |     671528     655561     655802     473736
proba50       |    11   12    9    0    1    1 |    1052419    1076099 |    1064062    1048201    1048445    1047965
proba14       |    11   48   18    8    1   20 |    2215620    2313028 |    2222305    2206777    2207023    2191472
proba02       |    11  255  113   14    1  126 |    3741195    4262539 |    3743460    3729433    3729686    3714062
bell_s10      |    15  256  118   12    1  124 |    2855359    3378751 |    2858054    2863870    2864118    2823642
bell_s30      |    15  256  112   18    1  124 |    3688107    4211499 |    3682747    3686052    3686295    3646349
bell_s80      |     9  256  123    4    1  127 |    4174611    4698003 |    4188076          0          0    4149253
uniform       |     8  256  126    1    1  127 |    4194304    4717696 |    4208640          0          0    4194312
english       |    10   30   12    3    1   13 |    2233284    2293828 |    2243265    2227841    2228088    2215515
zipfian       |    10  256  118    9    1  127 |    3288942    3812334 |    3294740    3280325    3280574    3259441
sparse_4      |     2    4    0    1    1    1 |    1048576    1055872 |    1062912    1048704    1048992    1048584
sparse_16     |     4   16    6    1    1    7 |    2097152    2129024 |    2111488    2097472    2097760    2097160
geometric     |    15  256  125    5    1  124 |    1072927    1596319 |    1083673    1051741    1051987    1057994
two_sym_eq    |     1    2    0    0    1    0 |     524288     527488 |     538624     524384     524672     524296
two_sym_90/10 |     1    2    0    0    1    0 |     524288     527488 |     538624     524384     524672     245846
flat_M3       |     3    8    2    1    1    3 |    1572864    1588352 |    1587200    1573056    1573344    1572872
flat_M5       |     5   32   14    1    1   15 |    2621440    2686080 |    2635776    2622016    2622304    2621448
flat_M6       |     6   64   30    1    1   31 |    3145728    3275904 |    3160064    3146816    3147104    3145736
flat_M7       |     7  128   62    1    1   63 |    3670016    3931264 |    3684352    3672128    3672416    3670024
html_wiki     |    15  197   82   17    1   96 |    2906214    3308774 |    2900858    2910766    2911016    2870339
prose_pride   |    15   96   38   12    1   44 |    2411605    2607317 |    2410456    2403707    2403956    2375005
image_jpeg    |    10  256  121    6    1  127 |    4157049    4680441 |    4167221    4152083    4152331    4135145
json_api      |    15   98   37   12    1   47 |    2756153    2955961 |    2756419    2744739    2744990    2724794
source_c      |    15   97   40   11    1   44 |    2627099    2824859 |    2626226    2613609    2613859    2599122
log_apache    |    15   85   34   11    1   38 |    2912593    3085777 |    2914367    2900952    2901203    2882117
dna_fasta     |    10   38   16    4    1   16 |    1190580    1267508 |    1203729    1188141    1188384    1090568
csv_numeric   |    15   54   22    7    1   23 |    1760620    1870316 |    1765381    1752132    1752380    1729751
gzip_random   |     8  256  126    1    1  127 |    4194304    4717696 |    4208640          0          0    4193336
chinese_text  |    15  151   71    7    1   71 |    3080387    3388739 |    3083723    3082517    3082761    3049381
  Dmax=max Huffman code length; Lvs=# leaves; Ful/Flt/Hal=internal-FULL/FLAT/HALF-prefilled counts
  +hdr_est = pivco_raw + (n_internal*7 + n_leaves*9) * NBLOCKS/8 bits per-block table overhead
  Lower = better.  Original size = 4194304 bytes (4MB).

  5 runs of 80M symbols each (20x 4M), drop 2 slowest, warn if spread > 5%
  PIVCO/trad decode in 4096-symbol blocks
  huf0 uses 128KB chunks (its max block size)
  rANS decodes full 4M at once
  CPU freq drift: +1.3% (OK)
  Total wall time: 287.6 seconds
