=== PIVCO-Huffman Benchmarks (PIVCO_MAX_CODE_LEN=15) ===
Sequence: 4M, Repeats: 20 (80M/run), Block: 8192, Runs: 5 (drop 2)

DECODE M/s    | pivco_s pivco_n pivco_p | trad_1s trad_4s | huf0_1s huf0_x1 huf0_x2 | rans_x2 |   ratio
--------------|-------------------------|-----------------|----------------------------|---------|--------
proba80       |     418    4340     490 |     417    1035 |     279    1049    1932 |     267 |  2.25x
proba50       |     135    2083     426 |     391     877 |     278    1036    1939 |     225 |  1.07x
proba14       |      84    1190     428 |     350     857 |     278    1040    1870 |     230 |  0.64x
proba02       |      86    1056     411 |     317     867 |     278    1028    1115 |     231 |  0.95x
bell_s10      |     126    1358     401 |     349     346 |     278    1031    1708 |     237 |  0.80x
bell_s30      |      80     996     423 |     325     345 |     278    1030    1059 |     236 |  0.94x
bell_s80      |     143    1275     372 |     328     929 |       0       0       0 |     286 |  1.37x
uniform       |    1065    2551    2078 |     354     955 |       0       0       0 |     316 |  2.67x
english       |     111    1287     434 |     352     905 |     278    1037    1870 |     240 |  0.69x
zipfian       |      81    1039     433 |     304     911 |     278    1028    1348 |     193 |  0.77x
sparse_4      |    1066   18604    3015 |     430    1034 |     279    1047    1950 |     331 |  9.54x
sparse_16     |    1067   17337    2583 |     400    1026 |     278    1050    1887 |     329 |  9.19x
geometric     |     135    2063     426 |     389     346 |     278    1037    1939 |     224 |  1.06x
two_sym_eq    |     266   12955    3348 |     447    1033 |     279    1045    1939 |     331 |  6.68x
two_sym_90/10 |     795   12942    3356 |     449    1033 |     279    1045    1917 |     295 |  6.75x
flat_M3       |    1013   10416    1825 |     415    1030 |     279    1051    1944 |     327 |  5.36x
flat_M5       |     955   11358    1318 |     386    1025 |     279    1051    1868 |     325 |  6.08x
flat_M6       |     970    9509    1896 |     375     987 |     278    1043    1709 |     322 |  5.56x
flat_M7       |     949    2563    1443 |     365     978 |     278    1044     981 |     319 |  2.45x
html_wiki     |      81    1032     439 |     333     345 |     278    1032    1611 |     210 |  0.64x
prose_pride   |      81    1094     422 |     341     345 |     278    1030    1781 |     219 |  0.61x
image_jpeg    |     127    1214     397 |     325     888 |     278    1027     968 |     283 |  1.18x
json_api      |      80    1043     406 |     332     345 |     278    1034    1689 |     207 |  0.62x
source_c      |      89    1166     424 |     325     345 |     278    1035    1656 |     191 |  0.70x
log_apache    |      83    1031     449 |     335     345 |     278    1034    1627 |     214 |  0.63x
dna_fasta     |     128    1580     469 |     396     935 |     278    1041    1917 |     308 |  0.82x
csv_numeric   |     109    1413     461 |     356     345 |     278    1036    1875 |     200 |  0.75x
gzip_random   |    1061    2554    2433 |     354     956 |       0       0       0 |     312 |  2.67x
chinese_text  |      83    1088     420 |     331     337 |     278    1031    1485 |     214 |  0.73x

=== Compression sizes (bytes for 4M input) ===
DIST          |  Dmax  Lvs  Ful  Flt  Hal  B2L |  pivco_raw   +hdr_est |    trad_4s    huf0_1s    huf0_x2    rans_x2
--------------|-----------------------------|----------------------|-----------------------------------------------
proba80       |     5    6    3    0    1    1 |     656299     661995 |     663499     655561     655802     473736
proba50       |    11   12    9    0    1    1 |    1050161    1062001 |    1056052    1048201    1048445    1047965
proba14       |    11   48   18    8    1   20 |    2210889    2259593 |    2214224    2206777    2207023    2191472
proba02       |    11  255  113   14    1  126 |    3734279    3994951 |    3735384    3729433    3729686    3714062
bell_s10      |    15  256  118   12    1  124 |    2849042    3110738 |    2850016    2863870    2864118    2823642
bell_s30      |    15  256  112   18    1  124 |    3677249    3938945 |    3674650    3686052    3686295    3646349
bell_s80      |     9  256  123    4    1  127 |    4173260    4434956 |    4180029          0          0    4149253
uniform       |     8  256  126    1    1  127 |    4194304    4456000 |    4201472          0          0    4194312
english       |    10   30   12    3    1   13 |    2230250    2260522 |    2235169    2227841    2228088    2215515
zipfian       |    10  256  118    9    1  127 |    3283735    3545431 |    3286667    3280325    3280574    3259441
sparse_4      |     2    4    0    1    1    1 |    1048576    1052224 |    1055744    1048704    1048992    1048584
sparse_16     |     4   16    6    1    1    7 |    2097152    2113088 |    2104320    2097472    2097760    2097160
geometric     |    15  256  125    5    1  124 |    1070278    1331974 |    1075606    1051741    1051987    1057994
two_sym_eq    |     1    2    0    0    1    0 |     524288     525888 |     531456     524384     524672     524296
two_sym_90/10 |     1    2    0    0    1    0 |     524288     525888 |     531456     524384     524672     245846
flat_M3       |     3    8    2    1    1    3 |    1572864    1580608 |    1580032    1573056    1573344    1572872
flat_M5       |     5   32   14    1    1   15 |    2621440    2653760 |    2628608    2622016    2622304    2621448
flat_M6       |     6   64   30    1    1   31 |    3145728    3210816 |    3152896    3146816    3147104    3145736
flat_M7       |     7  128   62    1    1   63 |    3670016    3800640 |    3677184    3672128    3672416    3670024
html_wiki     |    15  197   82   17    1   96 |    2895446    3096726 |    2892793    2910766    2911016    2870339
prose_pride   |    15   96   38   12    1   44 |    2403270    2501126 |    2402393    2403707    2403956    2375005
image_jpeg    |    10  256  121    6    1  127 |    4154045    4415741 |    4159142    4152083    4152331    4135145
json_api      |    15   98   37   12    1   47 |    2748032    2847936 |    2748358    2744739    2744990    2724794
source_c      |    15   97   40   11    1   44 |    2618626    2717506 |    2618135    2613609    2613859    2599122
log_apache    |    15   85   34   11    1   38 |    2905496    2992088 |    2906294    2900952    2901203    2882117
dna_fasta     |    10   38   16    4    1   16 |    1189466    1227930 |    1195610    1188141    1188384    1090568
csv_numeric   |    15   54   22    7    1   23 |    1755145    1809993 |    1757326    1752132    1752380    1729751
gzip_random   |     8  256  126    1    1  127 |    4194304    4456000 |    4201472          0          0    4193336
chinese_text  |    15  151   71    7    1   71 |    3074066    3228242 |    3075685    3082517    3082761    3049381
  Dmax=max Huffman code length; Lvs=# leaves; Ful/Flt/Hal=internal-FULL/FLAT/HALF-prefilled counts
  +hdr_est = pivco_raw + (n_internal*7 + n_leaves*9) * NBLOCKS/8 bits per-block table overhead
  Lower = better.  Original size = 4194304 bytes (4MB).

  5 runs of 80M symbols each (20x 4M), drop 2 slowest, warn if spread > 5%
  PIVCO/trad decode in 8192-symbol blocks
  huf0 uses 128KB chunks (its max block size)
  rANS decodes full 4M at once
  CPU freq drift: +0.2% (OK)
  Total wall time: 282.0 seconds
