=== PIVCO-Huffman Benchmarks (PIVCO_MAX_CODE_LEN=15) ===
Sequence: 4M, Repeats: 20 (80M/run), Block: 8192, Runs: 5 (drop 2)

DECODE M/s    | pivco_s pivco_n pivco_p | trad_1s trad_4s | huf0_1s huf0_x1 huf0_x2 | rans_x2 |   ratio
--------------|-------------------------|-----------------|----------------------------|---------|--------
proba80       |     348    6415       0 |     382     757 |     316    1051    1789 |     252 |  3.59x
proba50       |     118    3490       0 |     286     678 |     316    1049    1784 |     212 |  1.96x
proba14       |      75    2376       0 |     271     677 |     316    1051    1726 |     217 |  1.38x
proba02       |      77    2144       0 |     252     676 |     315    1040    1026 |     214 |  2.06x
bell_s10      |     115    2558       0 |     274     280 |     315    1038    1599 |     223 |  1.60x
bell_s30      |      73    1973       0 |     259     280 |     315    1039     972 |     218 |  1.90x
bell_s80      |     132    2363       0 |     268     726 |       0       0       0 |     262 |  3.25x
uniform       |    1210    4584       0 |     284     733 |       0       0       0 |     289 |  6.25x
english       |      99    2923       0 |     273     710 |     316    1046    1738 |     226 |  1.68x
zipfian       |      72    2326       0 |     241     709 |     315    1040    1242 |     180 |  1.87x
sparse_4      |    1213   24083       0 |     318     760 |     316    1050    1801 |     314 | 13.37x
sparse_16     |    1213   20081       0 |     305     755 |     315    1048    1773 |     304 | 11.32x
geometric     |     118    3411       0 |     287     280 |     316    1050    1780 |     211 |  1.92x
two_sym_eq    |     232    4702       0 |     307     759 |     316    1046    1798 |     319 |  2.62x
two_sym_90/10 |     658    8834       0 |     430     759 |     316    1045    1780 |     280 |  4.96x
flat_M3       |    1103   21892       0 |     309     756 |     316    1050    1791 |     309 | 12.22x
flat_M5       |    1061   18479       0 |     301     753 |     316    1047    1766 |     301 | 10.47x
flat_M6       |    1124   17215       0 |     293     748 |     316    1046    1634 |     296 | 10.53x
flat_M7       |     953    3744       0 |     289     740 |     316    1045     903 |     293 |  3.58x
html_wiki     |      72    2031       0 |     261     280 |     315    1042    1494 |     198 |  1.36x
prose_pride   |      72    2152       0 |     267     280 |     315    1042    1642 |     207 |  1.31x
image_jpeg    |     114    2252       0 |     263     709 |     315    1039     900 |     260 |  2.17x
json_api      |      71    2186       0 |     261     280 |     315    1046    1570 |     196 |  1.39x
source_c      |      79    2407       0 |     253     280 |     316    1046    1528 |     180 |  1.58x
log_apache    |      74    2160       0 |     263     279 |     316    1048    1514 |     202 |  1.43x
dna_fasta     |     113    2906       0 |     334     711 |     316    1047    1779 |     291 |  1.63x
csv_numeric   |      96    2792       0 |     274     281 |     316    1048    1725 |     189 |  1.62x
gzip_random   |    1210    4591       0 |     284     733 |       0       0       0 |     285 |  6.27x
chinese_text  |      75    2145       0 |     262     280 |     315    1041    1377 |     201 |  1.56x

=== Compression sizes (bytes for 4M input) ===
DIST          |  Dmax  Lvs  Ful  Flt  Hal  B2L |  pivco_raw   +hdr_est |    trad_4s    huf0_1s    huf0_x2    rans_x2
--------------|-----------------------------|----------------------|-----------------------------------------------
proba80       |     5    6    3    0    1    1 |     656299     661995 |     663499     655561     655802     473736
proba50       |    11   12    9    0    1    1 |    1050161    1062001 |    1056052    1048201    1048445    1047965
proba14       |    11   48   18    8    1   20 |    2210889    2259593 |    2214224    2206777    2207023    2191472
proba02       |    11  255  113   14    1  126 |    3734279    3994951 |    3735384    3729433    3729686    3714062
bell_s10      |    15  256  118   12    1  124 |    2849042    3110738 |    2850016    2863870    2864118    2823642
bell_s30      |    15  256  112   18    1  124 |    3677249    3938945 |    3674650    3686052    3686295    3646349
bell_s80      |     9  256  123    4    1  127 |    4173260    4434956 |    4180029          0          0    4149253
uniform       |     8  256  126    1    1  127 |    4194304    4456000 |    4201472          0          0    4194312
english       |    10   30   12    3    1   13 |    2230250    2260522 |    2235169    2227841    2228088    2215515
zipfian       |    10  256  118    9    1  127 |    3283735    3545431 |    3286667    3280325    3280574    3259441
sparse_4      |     2    4    0    1    1    1 |    1048576    1052224 |    1055744    1048704    1048992    1048584
sparse_16     |     4   16    6    1    1    7 |    2097152    2113088 |    2104320    2097472    2097760    2097160
geometric     |    15  256  125    5    1  124 |    1070278    1331974 |    1075606    1051741    1051987    1057994
two_sym_eq    |     1    2    0    0    1    0 |     524288     525888 |     531456     524384     524672     524296
two_sym_90/10 |     1    2    0    0    1    0 |     524288     525888 |     531456     524384     524672     245846
flat_M3       |     3    8    2    1    1    3 |    1572864    1580608 |    1580032    1573056    1573344    1572872
flat_M5       |     5   32   14    1    1   15 |    2621440    2653760 |    2628608    2622016    2622304    2621448
flat_M6       |     6   64   30    1    1   31 |    3145728    3210816 |    3152896    3146816    3147104    3145736
flat_M7       |     7  128   62    1    1   63 |    3670016    3800640 |    3677184    3672128    3672416    3670024
html_wiki     |    15  197   82   17    1   96 |    2895446    3096726 |    2892793    2910766    2911016    2870339
prose_pride   |    15   96   38   12    1   44 |    2403270    2501126 |    2402393    2403707    2403956    2375005
image_jpeg    |    10  256  121    6    1  127 |    4154045    4415741 |    4159142    4152083    4152331    4135145
json_api      |    15   98   37   12    1   47 |    2748032    2847936 |    2748358    2744739    2744990    2724794
source_c      |    15   97   40   11    1   44 |    2618626    2717506 |    2618135    2613609    2613859    2599122
log_apache    |    15   85   34   11    1   38 |    2905496    2992088 |    2906294    2900952    2901203    2882117
dna_fasta     |    10   38   16    4    1   16 |    1189466    1227930 |    1195610    1188141    1188384    1090568
csv_numeric   |    15   54   22    7    1   23 |    1755145    1809993 |    1757326    1752132    1752380    1729751
gzip_random   |     8  256  126    1    1  127 |    4194304    4456000 |    4201472          0          0    4193336
chinese_text  |    15  151   71    7    1   71 |    3074066    3228242 |    3075685    3082517    3082761    3049381
  Dmax=max Huffman code length; Lvs=# leaves; Ful/Flt/Hal=internal-FULL/FLAT/HALF-prefilled counts
  +hdr_est = pivco_raw + (n_internal*7 + n_leaves*9) * NBLOCKS/8 bits per-block table overhead
  Lower = better.  Original size = 4194304 bytes (4MB).

  5 runs of 80M symbols each (20x 4M), drop 2 slowest, warn if spread > 5%
  PIVCO/trad decode in 8192-symbol blocks
  huf0 uses 128KB chunks (its max block size)
  rANS decodes full 4M at once
  CPU freq drift: +0.2% (OK)
  Total wall time: 281.0 seconds
