  WARNING: flat_M5/huf0_1s spread 8.3% (917..1000)
=== PIVCO-Huffman Benchmarks (PIVCO_MAX_CODE_LEN=15) ===
Sequence: 4M, Repeats: 20 (80M/run), Block: 8192, Runs: 5 (drop 2)

DECODE M/s    | pivco_s pivco_n pivco_p | trad_1s trad_4s | huf0_1s huf0_x1 huf0_x2 | rans_x2 |   ratio
--------------|-------------------------|-----------------|----------------------------|---------|--------
proba80       |     743    9525    1102 |     537    1620 |     371    1359    2590 |     323 |  3.68x
proba50       |     331    4998    1022 |     485    1468 |     360    1332    2531 |     270 |  1.98x
proba14       |     451    2816    1223 |     435    1476 |     356    1331    2480 |     275 |  1.14x
proba02       |     571    2597    1038 |     399    1458 |     364    1308    1466 |     271 |  1.77x
bell_s10      |     761    3148    1139 |     439     664 |     354    1307    2269 |     280 |  1.39x
bell_s30      |     529    2380    1087 |     407     664 |     357    1328    1407 |     279 |  1.69x
bell_s80      |     823    2922     917 |     424    1570 |       0       0       0 |     330 |  1.86x
uniform       |    2192    3875    3741 |    1540    1574 |       0       0       0 |     389 |  2.46x
english       |     543    3306    1248 |     437    1536 |     359    1314    2434 |     283 |  1.36x
zipfian       |     408    2596    1213 |     378    1527 |     355    1316    1788 |     230 |  1.45x
sparse_4      |    2186   45173    6041 |    2600    1601 |    1063    3459    5119 |     425 |  8.82x
sparse_16     |    2193   44478    5580 |    2115    1597 |    1061    3166    4473 |     412 |  9.94x
geometric     |     321    4965    1018 |     476     679 |     347    1331    2533 |     269 |  1.96x
two_sym_eq    |     375   24959    6104 |    2901    1608 |     778    3457    5224 |     432 |  4.78x
two_sym_90/10 |    1343   24760    6031 |    2861    1583 |     762    3440    4917 |     351 |  5.04x
flat_M3       |    2050   22465    3741 |    2308    1603 |     780    3431    5263 |     414 |  4.27x
flat_M5       |    1913   26555    2836 |    1880    1579 |     932    3423    5072 |     399 |  5.24x
flat_M6       |    1922   20233    3801 |    1753    1576 |    1109    3368    4411 |     396 |  4.59x
flat_M7       |    1841    4935    2945 |    1653    1563 |     789    3480    2710 |     394 |  1.42x
html_wiki     |     497    2487    1277 |     418     664 |     345    1323    2145 |     254 |  1.16x
prose_pride   |     454    2663    1206 |     423     670 |     345    1339    2369 |     262 |  1.12x
image_jpeg    |     735    2772     974 |     421    1540 |     348    1325    1301 |     326 |  1.80x
json_api      |     447    2584    1167 |     417     672 |     347    1323    2249 |     249 |  1.15x
source_c      |     374    2911    1130 |     404     671 |     345    1339    2227 |     230 |  1.31x
log_apache    |     567    2560    1318 |     421     667 |     347    1333    2184 |     257 |  1.17x
dna_fasta     |     447    3913    1272 |     490    1534 |     346    1326    2592 |     364 |  1.51x
csv_numeric   |     450    3635    1217 |     439     675 |     348    1331    2495 |     243 |  1.46x
gzip_random   |    2220    3900    3788 |    1547    1572 |       0       0       0 |     357 |  2.48x
chinese_text  |     507    2623    1202 |     420     670 |     346    1334    2002 |     257 |  1.31x

=== Compression sizes (bytes for 4M input) ===
DIST          |  Dmax  Lvs  Ful  Flt  Hal  B2L |  pivco_raw   +hdr_est |    trad_4s    huf0_1s    huf0_x2    rans_x2
--------------|-----------------------------|----------------------|-----------------------------------------------
proba80       |     5    6    3    0    1    1 |     656299     661995 |     663499     655561     655802     473736
proba50       |    11   12    9    0    1    1 |    1050161    1062001 |    1056052    1048201    1048445    1047965
proba14       |    11   48   18    8    1   20 |    2210889    2259593 |    2214224    2206777    2207023    2191472
proba02       |    11  255  113   14    1  126 |    3734279    3994951 |    3735384    3729433    3729686    3714062
bell_s10      |    15  256  118   12    1  124 |    2849042    3110738 |    2850016    2863870    2864118    2823642
bell_s30      |    15  256  112   18    1  124 |    3677249    3938945 |    3674650    3686052    3686295    3646349
bell_s80      |     9  256  123    4    1  127 |    4173260    4434956 |    4180029          0          0    4149253
uniform       |     8  256  126    1    1  127 |    4194304    4456000 |    4201472          0          0    4194312
english       |    10   30   12    3    1   13 |    2230250    2260522 |    2235169    2227841    2228088    2215515
zipfian       |    10  256  118    9    1  127 |    3283735    3545431 |    3286667    3280325    3280574    3259441
sparse_4      |     2    4    0    1    1    1 |    1048576    1052224 |    1055744    1048704    1048992    1048584
sparse_16     |     4   16    6    1    1    7 |    2097152    2113088 |    2104320    2097472    2097760    2097160
geometric     |    15  256  125    5    1  124 |    1070278    1331974 |    1075606    1051741    1051987    1057994
two_sym_eq    |     1    2    0    0    1    0 |     524288     525888 |     531456     524384     524672     524296
two_sym_90/10 |     1    2    0    0    1    0 |     524288     525888 |     531456     524384     524672     245846
flat_M3       |     3    8    2    1    1    3 |    1572864    1580608 |    1580032    1573056    1573344    1572872
flat_M5       |     5   32   14    1    1   15 |    2621440    2653760 |    2628608    2622016    2622304    2621448
flat_M6       |     6   64   30    1    1   31 |    3145728    3210816 |    3152896    3146816    3147104    3145736
flat_M7       |     7  128   62    1    1   63 |    3670016    3800640 |    3677184    3672128    3672416    3670024
html_wiki     |    15  197   82   17    1   96 |    2895446    3096726 |    2892793    2910766    2911016    2870339
prose_pride   |    15   96   38   12    1   44 |    2403270    2501126 |    2402393    2403707    2403956    2375005
image_jpeg    |    10  256  121    6    1  127 |    4154045    4415741 |    4159142    4152083    4152331    4135145
json_api      |    15   98   37   12    1   47 |    2748032    2847936 |    2748358    2744739    2744990    2724794
source_c      |    15   97   40   11    1   44 |    2618626    2717506 |    2618135    2613609    2613859    2599122
log_apache    |    15   85   34   11    1   38 |    2905496    2992088 |    2906294    2900952    2901203    2882117
dna_fasta     |    10   38   16    4    1   16 |    1189466    1227930 |    1195610    1188141    1188384    1090568
csv_numeric   |    15   54   22    7    1   23 |    1755145    1809993 |    1757326    1752132    1752380    1729751
gzip_random   |     8  256  126    1    1  127 |    4194304    4456000 |    4201472          0          0    4193336
chinese_text  |    15  151   71    7    1   71 |    3074066    3228242 |    3075685    3082517    3082761    3049381
  Dmax=max Huffman code length; Lvs=# leaves; Ful/Flt/Hal=internal-FULL/FLAT/HALF-prefilled counts
  +hdr_est = pivco_raw + (n_internal*7 + n_leaves*9) * NBLOCKS/8 bits per-block table overhead
  Lower = better.  Original size = 4194304 bytes (4MB).

  5 runs of 80M symbols each (20x 4M), drop 2 slowest, warn if spread > 5%
  PIVCO/trad decode in 8192-symbol blocks
  huf0 uses 128KB chunks (its max block size)
  rANS decodes full 4M at once
  CPU freq drift: +11.5% (OK)
  Total wall time: 146.8 seconds
