FSE x[2,4,6,8,10,12,16] × y[1,2,4] microbench, min of 5 batches × 1000 iters/batch per cell
(numbers are MB/s; higher = faster.  x2y2 = FSE's shipping decode shape.)
size = source-byte count.  pmaj = P(bit = 0) = major-symbol probability (each bit drawn IID).
high pmaj = more zeros = skewed bitmap = tighter FSE compression.

--- ENCODE (MB/s, varies only with x for FSE; huff0 = ref) ---
 size  pmaj |     x2     x4     x6     x8    x10    x12    x16   hufC1  hufC4
-----  -----+----------------------------------------------------------------
   48  0.80 |  492.3  587.0  678.6  693.3    -    686.3  670.6     -      -  
   96  0.80 |  511.4  672.2  720.9  745.7    -    748.5  742.5     -      -  
  240  0.80 |  517.8  704.5  730.9  756.0  782.5  775.3  757.8  1951.6 1889.3
  480  0.80 |  507.4  714.7  730.1  766.0  795.0  783.2  774.7  1967.4 1808.4
  960  0.80 |  518.6  730.2  753.8  791.0  811.2  799.2  802.2  2050.4 1954.9
 1440  0.80 |  520.2  731.1  759.2  793.4  818.5  808.1  812.4  2071.2 1982.8
 2880  0.80 |  521.4  736.3  766.6  800.8  819.4  813.8  821.7  2067.9 2040.0
  960  0.50 |  522.6  731.8  757.6  793.8  815.3  810.7  807.3     -      -  
  960  0.55 |  522.1  731.4  759.5  791.8  814.9  806.3  807.7     -      -  
  960  0.60 |  520.3  730.2  759.4  791.0  813.9  800.7  811.1     -      -  
  960  0.70 |  519.1  729.2  759.0  792.0  810.9  806.3  813.0  2053.6 1942.4
  960  0.90 |  518.4  727.9  753.2  786.0  808.6  795.5  802.4  1999.1 1902.1

--- DECODE (MB/s; huff0 = ref) ---
 size  pmaj |   x2y1   x2y2   x2y4    x4y1   x4y2   x4y4    x6y1   x6y2   x6y4    x8y1   x8y2   x8y4   x10y1  x10y2  x10y4   x12y1  x12y2  x12y4   x16y1  x16y2  x16y4  huf1X1 huf4X1 huf4X2
-----  -----+--------------------------------------------------------------------------------------------------------------------------------------------------------------------------------
   48  0.80 |  619.7  606.3  618.2   931.2  946.8  968.1   993.8  947.3 1008.2  1023.3 1049.6 1033.7     -      -      -     903.4  940.5 1051.6   873.4  878.0  711.4     -      -      -  
   96  0.80 |  561.5  547.6  563.5   902.0  943.8  958.5   948.5 1058.0 1067.0  1059.9 1208.1 1261.6     -      -      -    1189.4 1280.3 1262.6  1112.5 1191.6 1044.5     -      -      -  
  240  0.80 |  562.0  534.7  533.0   955.4  937.2  962.5  1069.1 1132.6 1135.9  1239.7 1334.1 1304.4  1333.3 1424.0 1495.5  1277.3 1376.4 1438.8  1334.5 1365.5 1260.7   343.0 1021.6 1592.2
  480  0.80 |  557.4  529.1  526.7   959.7  944.9  955.4  1087.5 1122.1 1129.5  1323.1 1376.9 1348.4  1449.6 1485.0 1499.4  1373.3 1414.1 1451.3  1384.3 1443.3 1445.1   334.0 1082.9 1464.9
  960  0.80 |  555.9  524.6  521.5   965.9  950.7  951.6  1132.6 1151.7 1158.9  1363.5 1386.4 1354.9  1514.0 1520.1 1548.4  1433.2 1452.4 1517.1  1417.8 1468.7 1506.1   328.8 1097.8 1491.2
 1440  0.80 |  552.5  522.6  519.6   963.1  953.4  950.7  1139.4 1157.6 1163.1  1374.5 1397.5 1363.6  1535.9 1530.2 1563.5  1465.7 1480.0 1531.0  1454.4 1491.3 1508.4   325.9 1126.9 1603.0
 2880  0.80 |  553.1  521.2  518.2   966.1  955.5  955.9  1136.0 1167.3 1171.1  1389.4 1409.3 1377.7  1551.1 1535.0 1574.5  1479.3 1519.5 1545.2  1452.1 1513.4 1541.6   324.6 1141.7 1509.5
  960  0.50 |  554.8  522.3  518.7   972.4  956.5  952.9  1132.9 1163.2 1156.8  1379.8 1409.7 1369.0  1517.8 1525.4 1543.5  1447.9 1485.8 1521.1  1414.5 1477.4 1517.0     -      -      -  
  960  0.55 |  550.9  521.8  517.9   970.4  955.9  961.7  1132.8 1163.7 1158.6  1380.2 1409.5 1367.1  1526.1 1518.4 1544.1  1446.1 1476.2 1511.1  1414.8 1488.7 1507.7     -      -      -  
  960  0.60 |  547.6  522.5  518.7   960.7  949.3  951.3  1130.6 1161.1 1153.6  1362.5 1390.1 1355.6  1516.7 1516.3 1541.8  1447.6 1488.5 1515.8  1410.7 1471.3 1494.1     -      -      -  
  960  0.70 |  555.0  523.4  519.5   963.7  952.0  953.1  1130.6 1160.9 1154.1  1358.7 1382.1 1374.4  1521.3 1524.6 1546.0  1446.0 1481.8 1519.4  1408.3 1483.0 1501.9   327.5 1135.4 1103.0
  960  0.90 |  557.5  524.7  521.0   966.7  955.4  955.6  1132.7 1168.5 1158.0  1360.5 1390.9 1363.2  1521.9 1503.4 1559.7  1436.1 1462.2 1512.8  1406.5 1492.1 1503.3   329.8 1057.1 1831.3
