FSE x[2,4,6,8,10,12,16] × y[1,2,4] microbench, min of 5 batches × 1000 iters/batch per cell
(numbers are MB/s; higher = faster.  x2y2 = FSE's shipping decode shape.)
size = source-byte count.  pmaj = P(bit = 0) = major-symbol probability (each bit drawn IID).
high pmaj = more zeros = skewed bitmap = tighter FSE compression.

--- ENCODE (MB/s, varies only with x) ---
 size  pmaj |     x2     x4     x6     x8    x10    x12    x16
-----  -----+-------------------------------------------------
   48  0.80 |  490.0  620.6  676.7  692.8    -    686.6  654.6
   96  0.80 |  511.8  721.6  721.4  745.2    -    748.8  741.7
  240  0.80 |  520.9  686.8  721.2  701.4  709.4  759.6  711.3
  480  0.80 |  519.7  739.9  755.5  778.1  804.7  770.2  803.0
  960  0.80 |  522.5  700.4  700.8  797.6  761.3  785.7  811.5
 1440  0.80 |  522.9  760.5  767.9  798.3  785.1  810.7  804.3
 2880  0.80 |  521.3  730.7  766.1  801.4  821.9  794.5  793.6
  960  0.50 |  521.3  757.7  764.1  797.0  815.3  810.7  817.3
  960  0.55 |  521.8  753.1  759.5  796.6  815.3  810.3  816.9
  960  0.60 |  521.7  749.1  755.2  719.5  815.1  811.2  817.0
  960  0.70 |  522.2  757.3  761.3  796.8  741.7  792.1  816.9
  960  0.90 |  521.9  757.3  761.3  797.0  815.2  776.6  817.0

--- DECODE (MB/s) ---
 size  pmaj |   x2y1   x2y2   x2y4    x4y1   x4y2   x4y4    x6y1   x6y2   x6y4    x8y1   x8y2   x8y4   x10y1  x10y2  x10y4   x12y1  x12y2  x12y4   x16y1  x16y2  x16y4
-----  -----+---------------------------------------------------------------------------------------------------------------------------------------------------------
   48  0.80 |  618.9  606.0  617.6   932.5  946.1  977.3   993.7  977.6  993.2  1027.0 1050.3 1018.9     -      -      -     895.8  939.6 1056.1   872.5  881.0  711.7
   96  0.80 |  558.8  549.3  563.6   908.0  943.5  962.0   947.7 1028.9 1066.7  1178.0 1179.8 1240.6     -      -      -    1199.9 1275.9 1266.3  1122.7 1192.4 1046.8
  240  0.80 |  560.8  534.4  536.9   951.4  938.2  961.7  1069.8 1126.3 1135.8  1248.5 1334.5 1307.0  1350.6 1428.0 1491.7  1231.1 1373.6 1431.3  1296.0 1368.7 1261.3
  480  0.80 |  555.8  529.0  527.2   960.2  945.9  954.6  1099.3 1121.3 1129.4  1322.8 1377.0 1340.1  1448.5 1487.9 1531.1  1378.3 1416.3 1496.6  1363.6 1465.2 1406.4
  960  0.80 |  553.1  524.6  521.7   965.5  953.9  949.7  1128.4 1151.4 1158.5  1363.3 1385.4 1367.5  1513.4 1516.4 1556.1  1438.8 1465.1 1510.3  1440.5 1482.8 1512.9
 1440  0.80 |  555.6  523.3  519.7   962.8  952.3  950.9  1139.2 1153.5 1162.5  1373.7 1396.4 1365.7  1534.8 1539.0 1549.7  1462.8 1494.5 1534.1  1441.1 1512.4 1500.9
 2880  0.80 |  553.1  522.0  518.6   968.1  952.2  953.7  1146.7 1177.2 1168.2  1391.4 1412.3 1386.5  1558.6 1535.9 1573.7  1481.5 1514.2 1550.3  1455.8 1528.9 1552.5
  960  0.50 |  556.6  522.9  519.4   980.8  956.9  961.8  1132.4 1162.2 1157.8  1379.4 1407.6 1385.3  1524.9 1517.8 1542.2  1447.5 1484.2 1514.9  1419.0 1493.1 1512.9
  960  0.55 |  552.4  522.4  518.3   970.9  955.1  961.5  1132.9 1163.3 1158.3  1379.8 1409.1 1384.6  1526.1 1518.9 1544.7  1446.8 1491.9 1521.3  1413.8 1497.3 1507.5
  960  0.60 |  553.5  523.3  519.7   960.0  945.8  949.7  1092.6 1144.6 1147.9  1362.8 1390.0 1366.1  1524.5 1513.2 1541.4  1447.7 1484.5 1510.7  1421.7 1488.4 1512.4
  960  0.70 |  550.6  523.9  520.2   963.8  949.4  948.4  1130.5 1160.6 1154.7  1358.4 1381.4 1356.6  1525.4 1532.3 1542.8  1447.2 1481.3 1503.3  1398.7 1481.3 1503.6
  960  0.90 |  558.1  525.0  521.5   967.7  952.4  954.8  1134.4 1146.0 1158.4  1359.6 1386.6 1379.6  1521.7 1499.8 1560.6  1419.8 1465.5 1511.7  1410.4 1484.9 1515.7
