FSE x[2,4,6,8,10,12,16] × y[1,2,4] microbench, min of 5 batches × 1000 iters/batch per cell
(numbers are MB/s; higher = faster.  x2y2 = FSE's shipping decode shape.)
size = source-byte count.  pmaj = P(bit = 0) = major-symbol probability (each bit drawn IID).
high pmaj = more zeros = skewed bitmap = tighter FSE compression.

--- ENCODE (MB/s, varies only with x for FSE; huff0 = ref) ---
 size  pmaj |     x2     x4     x6     x8    x10    x12    x16   hufC1  hufC4
-----  -----+----------------------------------------------------------------
   48  0.80 |  727.3  923.1  979.6 1021.3    -   1000.0  941.2     -      -  
   96  0.80 |  744.2  969.7 1129.4 1142.9    -   1156.6 1129.4     -      -  
  240  0.80 |  776.7 1025.6 1256.5 1276.6 1371.4 1355.9 1340.8  3038.0 2891.6
  480  0.80 |  858.7 1093.4 1344.5 1337.0 1424.3 1415.9 1411.8  2874.3 2857.1
  960  0.80 |  832.6 1083.5 1352.1 1352.1 1448.0 1437.1 1432.8  2882.9 2823.5
 1440  0.80 |  833.3 1081.1 1343.3 1354.7 1451.6 1442.9 1442.9  2891.6 2812.5
 2880  0.80 |  833.1 1526.2 1406.2 1404.2 1465.6 1449.4 1450.9  2978.3 2790.7
  960  0.50 |  836.2 1509.4 1340.8 1426.4 1497.7 1497.7 1459.0     -      -  
  960  0.55 |  885.6 1087.2 1504.7 1472.4 1461.2 1465.6 1461.2     -      -  
  960  0.60 |  865.6 1090.9 1445.8 1441.4 1448.0 1439.3 1465.6     -      -  
  960  0.70 |  851.8 1479.2 1385.3 1407.6 1465.6 1435.0 1435.0  2865.7 2782.6
  960  0.90 |  834.1 1075.0 1338.9 1365.6 1443.6 1430.7 1432.8  2840.2 2774.6

--- DECODE (MB/s; huff0 = ref) ---
 size  pmaj |   x2y1   x2y2   x2y4    x4y1   x4y2   x4y4    x6y1   x6y2   x6y4    x8y1   x8y2   x8y4   x10y1  x10y2  x10y4   x12y1  x12y2  x12y4   x16y1  x16y2  x16y4  huf1X1 huf4X1 huf4X2
-----  -----+--------------------------------------------------------------------------------------------------------------------------------------------------------------------------------
   48  0.80 |  750.0  738.5  750.0  1116.3 1142.9 1170.7  1297.3 1297.3 1297.3  1371.4 1333.3 1263.2     -      -      -    1090.9 1021.3 1263.2   960.0 1090.9  842.1     -      -      -  
   96  0.80 |  738.5  761.9  768.0  1280.0 1280.0 1280.0  1454.5 1476.9 1432.8  1627.1 1600.0 1627.1     -      -      -    1476.9 1352.1 1476.9  1215.2 1627.1 1352.1     -      -      -  
  240  0.80 |  774.2  792.1  789.5  1387.3 1379.3 1387.3  1702.1 1690.1 1690.1  2000.0 1967.2 1875.0  1791.0 1860.5 2123.9  1832.1 1621.6 1690.1  1472.4 2033.9 1655.2   419.6 1355.9 2500.0
  480  0.80 |  864.9  866.4  879.1  1454.5 1450.2 1445.8  1732.9 1720.4 1672.5  2042.6 1959.2 1920.0  1811.3 1875.0 2191.8  1875.0 1666.7 1720.4  1553.4 2212.0 1927.7   413.8 1486.1 2253.5
  960  0.80 |  839.2  868.8  873.5  1454.5 1428.6 1432.8  1723.5 1717.4 1714.3  2073.4 1987.6 1939.4  1853.3 1912.4 2243.0  2186.8 1842.6 1784.4  1613.4 2280.3 2025.3   408.3 1479.2 2274.9
 1440  0.80 |  835.8  855.6  864.3  1447.2 1437.1 1533.5  1904.8 1820.5 1771.2  2139.7 2036.8 2031.0  1904.8 1959.2 2267.7  2000.0 1751.8 1749.7  1603.6 2282.1 2008.4   404.9 1525.4 2368.4
 2880  0.80 |  838.4  859.7  857.4  1447.2 1545.1 1485.3  1780.0 1749.7 1738.1  2114.5 2014.0 2018.2  1902.2 1972.6 2294.8  2028.2 1755.0 1757.2  1679.3 2356.8 2066.0   402.3 1531.9 2283.9
  960  0.50 | 1005.2 1136.1 1235.5  1801.1 1967.2 1943.3  2123.9 1904.8 1878.7  2630.1 2358.7 2176.9  2400.0 2227.4 2291.2  2038.2 1856.9 1912.4  1635.4 2307.7 2096.1     -      -      -  
  960  0.55 | 1087.2 1160.8 1177.9  1955.2 2105.3 1801.1  2152.5 1955.2 2055.7  2406.0 2264.2 2307.7  2394.0 2016.8 2280.3  2138.1 1835.6 1821.6  1702.1 2400.0 2280.3     -      -      -  
  960  0.60 |  838.4  875.9  871.1  1463.4 1428.6 1528.7  1901.0 1714.3 1702.1  2313.3 2227.4 2004.2  1853.3 2033.9 2313.3  2082.4 1736.0 1791.0  1597.3 2248.2 2133.3     -      -      -  
  960  0.70 |  856.4  850.3  871.1  1445.8 1540.9 1497.7  1774.5 1732.9 1720.4  2091.5 1979.4 1991.7  1882.4 1959.2 2264.2  1983.5 1720.4 1732.9  1566.1 2232.6 1967.2   406.6 1533.5 1635.4
  960  0.90 |  829.7  849.6  871.9  1553.4 1490.7 1504.7  1748.6 1729.7 1714.3  2082.4 2038.2 2021.1  1878.7 1927.7 2243.0  1967.2 1699.1 1732.9  1566.1 2253.5 2008.4   408.9 1401.5 2815.2
