FSE x[2,4,6,8,10,12,16] × y[1,2,4] microbench, min of 5 batches × 1000 iters/batch per cell
(numbers are MB/s; higher = faster.  x2y2 = FSE's shipping decode shape.)
size = source-byte count.  pmaj = P(bit = 0) = major-symbol probability (each bit drawn IID).
high pmaj = more zeros = skewed bitmap = tighter FSE compression.

--- ENCODE (MB/s, varies only with x) ---
 size  pmaj |     x2     x4     x6     x8    x10    x12    x16
-----  -----+-------------------------------------------------
   48  0.80 |  387.1  505.5  475.0  488.6    -    485.4  469.9
   96  0.80 |  429.6  495.5  506.1  525.6    -    516.1  506.1
  240  0.80 |  469.1  527.5  509.3  542.8  542.3  539.3  533.3
  480  0.80 |  485.4  544.1  514.6  545.9  548.3  543.6  540.5
  960  0.80 |  495.6  551.0  530.3  553.0  552.0  548.7  546.3
 1440  0.80 |  498.1  553.2  526.0  553.8  555.3  548.6  547.9
 2880  0.80 |  497.1  554.8  528.3  553.0  551.7  547.8  546.7
  960  0.50 |  496.5  556.9  522.5  554.9  551.7  549.7  543.7
  960  0.55 |  497.4  556.8  522.6  554.7  552.0  548.2  544.2
  960  0.60 |  496.5  550.1  525.0  552.4  552.1  549.4  545.8
  960  0.70 |  493.4  552.4  528.0  553.0  550.5  550.3  545.2
  960  0.90 |  499.5  549.9  529.1  555.9  553.9  547.7  546.9

--- DECODE (MB/s) ---
 size  pmaj |   x2y1   x2y2   x2y4    x4y1   x4y2   x4y4    x6y1   x6y2   x6y4    x8y1   x8y2   x8y4   x10y1  x10y2  x10y4   x12y1  x12y2  x12y4   x16y1  x16y2  x16y4
-----  -----+---------------------------------------------------------------------------------------------------------------------------------------------------------
   48  0.80 |  607.6  644.2  650.6   879.6  882.5  877.0   782.0  719.7  717.5   744.6  644.2  632.7     -      -      -     518.0  500.1  649.2   489.8  535.9  468.9
   96  0.80 |  631.8  658.7  678.5   990.9  998.8  949.5   895.5  771.6  765.0   896.9  743.6  702.4     -      -      -     621.3  617.7  700.1   565.3  644.6  615.9
  240  0.80 |  656.0  674.4  676.3  1103.7 1096.4 1006.9   973.4  803.1  793.5  1023.1  821.8  737.3   883.0  763.0  776.4   661.4  659.7  726.3   623.6  680.2  661.4
  480  0.80 |  657.3  688.1  678.2  1138.6 1108.0 1008.4  1016.2  822.1  797.9  1059.8  823.7  745.2   913.4  784.0  791.4   683.6  681.8  734.3   643.9  691.5  692.3
  960  0.80 |  656.0  687.8  680.2  1173.8 1143.6 1046.2  1021.5  832.0  806.0  1085.4  846.6  750.2   962.6  810.8  801.5   696.6  693.1  736.4   655.7  700.0  715.2
 1440  0.80 |  658.9  690.1  681.4  1179.6 1154.1 1044.8  1037.6  835.5  809.0  1099.7  846.3  752.8   969.1  814.3  803.5   700.2  698.4  738.0   661.1  701.7  709.7
 2880  0.80 |  660.2  689.2  681.4  1185.5 1161.7 1043.8  1033.4  822.8  797.1  1097.1  852.5  752.5   972.7  814.0  805.2   703.0  700.6  738.6   663.2  703.5  713.6
  960  0.50 |  659.6  686.7  677.3  1179.8 1148.7 1040.8  1033.5  829.9  813.1  1078.5  856.6  748.7   961.4  813.8  793.3   696.4  693.1  734.2   654.5  699.6  707.6
  960  0.55 |  658.7  699.8  677.7  1164.8 1142.2 1041.9  1031.1  826.9  808.2  1081.3  849.8  749.7   958.3  813.1  794.2   696.3  698.4  732.0   655.0  698.5  710.5
  960  0.60 |  660.7  682.3  681.3  1177.4 1141.0 1041.2  1033.3  831.3  798.3  1080.5  846.2  749.9   958.3  815.9  800.9   697.1  694.2  737.1   656.4  700.0  714.8
  960  0.70 |  662.1  693.2  680.4  1171.6 1149.0 1049.0  1030.2  828.3  798.5  1086.4  855.7  751.6   961.2  817.7  806.4   697.2  693.0  737.6   656.2  700.0  713.5
  960  0.90 |  662.3  690.7  679.6  1169.1 1141.9 1038.3  1026.1  834.0  809.7  1079.9  843.0  752.2   955.4  806.4  801.4   694.6  690.3  736.2   655.8  699.6  714.7
