FSE x[2,4,6,8,10,12,16] × y[1,2,4] microbench, min of 5 batches × 1000 iters/batch per cell
(numbers are MB/s; higher = faster.  x2y2 = FSE's shipping decode shape.)
size = source-byte count.  pmaj = P(bit = 0) = major-symbol probability (each bit drawn IID).
high pmaj = more zeros = skewed bitmap = tighter FSE compression.

--- ENCODE (MB/s, varies only with x for FSE; huff0 = ref) ---
 size  pmaj |     x2     x4     x6     x8    x10    x12    x16   hufC1  hufC4
-----  -----+----------------------------------------------------------------
   48  0.80 |  400.2  601.8  583.7  584.8    -    554.3  527.9     -      -  
   96  0.80 |  405.7  635.7  619.6  629.8    -    613.9  599.0     -      -  
  240  0.80 |  409.2  657.3  642.7  663.5  671.1  654.4  650.1  1583.2 1469.4
  480  0.80 |  407.7  653.7  647.5  667.3  675.7  660.6  667.5  1607.3 1540.6
  960  0.80 |  410.9  664.5  651.4  671.8  684.7  673.8  669.6  1598.5 1566.8
 1440  0.80 |  410.9  667.4  656.0  679.6  692.2  680.9  680.3  1617.5 1600.2
 2880  0.80 |  411.3  668.6  655.8  681.2  692.8  682.6  683.7  1621.2 1612.8
  960  0.50 |  409.6  662.4  649.9  673.7  686.1  671.7  672.2     -      -  
  960  0.55 |  409.7  659.6  649.3  671.7  681.9  670.2  668.7     -      -  
  960  0.60 |  409.6  659.7  649.8  669.4  680.7  670.1  671.8     -      -  
  960  0.70 |  408.2  658.7  649.4  670.6  680.7  670.8  670.7  1614.8 1587.9
  960  0.90 |  410.9  667.3  652.9  676.8  691.1  677.0  678.9  1604.3 1570.9

--- DECODE (MB/s; huff0 = ref) ---
 size  pmaj |   x2y1   x2y2   x2y4    x4y1   x4y2   x4y4    x6y1   x6y2   x6y4    x8y1   x8y2   x8y4   x10y1  x10y2  x10y4   x12y1  x12y2  x12y4   x16y1  x16y2  x16y4  huf1X1 huf4X1 huf4X2
-----  -----+--------------------------------------------------------------------------------------------------------------------------------------------------------------------------------
   48  0.80 |  528.6  561.2  579.3   762.7  776.0  807.4   866.6  884.7  945.3   858.1  891.1  893.7     -      -      -     630.9  617.9  820.8   570.6  658.5  507.3     -      -      -  
   96  0.80 |  544.5  585.3  600.9   830.4  849.0  872.4   961.2  992.0 1038.5  1020.2 1035.2 1112.0     -      -      -     816.8  765.5  872.0   627.9  849.2  713.5     -      -      -  
  240  0.80 |  544.6  591.3  604.2   859.9  900.2  911.5  1038.3 1084.8 1116.1  1168.2 1183.7 1204.7  1170.5 1086.7 1034.9   889.5  796.1  970.7   739.7  930.4  863.5   288.9  778.7 1418.0
  480  0.80 |  539.5  591.8  602.8   874.4  912.9  917.5  1072.3 1119.5 1132.0  1200.4 1188.4 1216.0  1211.9 1106.4 1053.6   930.1  862.3 1013.9   792.4 1027.5  960.5   284.5  914.4 1382.1
  960  0.80 |  540.0  591.7  603.6   882.6  922.5  926.6  1069.8 1126.9 1154.8  1220.1 1209.2 1229.8  1236.9 1131.9 1065.7   968.5  899.4 1033.6   816.1 1054.8 1034.1   281.5  946.6 1440.9
 1440  0.80 |  540.1  595.2  604.5   887.5  926.0  931.4  1069.7 1115.9 1146.7  1226.5 1207.7 1227.1  1264.0 1152.5 1063.5   988.1  914.2 1042.7   823.6 1060.3 1025.2   280.5 1005.3 1580.5
 2880  0.80 |  543.9  596.0  605.3   895.3  922.6  932.4  1095.7 1150.8 1165.5  1209.3 1199.1 1221.7  1274.4 1147.1 1070.8   989.9  920.7 1049.4   832.0 1071.1 1050.1   279.6 1035.3 1502.2
  960  0.50 |  545.4  593.0  597.1   890.5  918.7  933.1  1069.5 1135.2 1154.6  1223.3 1210.6 1222.7  1254.0 1133.7 1060.0   972.9  907.1 1039.5   818.4 1056.7 1033.9     -      -      -  
  960  0.55 |  544.4  594.2  604.3   887.3  917.1  932.8  1080.3 1134.6 1156.8  1221.8 1207.8 1220.5  1255.5 1147.9 1065.5   971.5  907.2 1035.1   818.0 1056.6 1031.0     -      -      -  
  960  0.60 |  540.5  594.0  603.3   881.4  921.5  926.5  1065.6 1119.7 1146.0  1219.6 1202.4 1224.8  1248.3 1147.4 1064.2   970.4  907.0 1034.9   816.5 1054.1 1035.1     -      -      -  
  960  0.70 |  538.9  594.7  604.3   882.0  924.7  929.4  1072.9 1131.2 1153.3  1233.7 1210.0 1233.2  1252.7 1147.7 1063.0   977.1  907.2 1037.4   816.0 1052.4 1033.5   281.4 1010.8 1079.4
  960  0.90 |  539.8  594.0  603.8   891.3  923.1  925.0  1064.8 1099.3 1128.6  1219.8 1209.1 1230.8  1242.1 1128.1 1067.1   970.1  896.8 1035.1   814.8 1053.4 1032.1   282.0  887.8 1760.7
