FSE x*y microbench with huff0 reference columns — cross-platform sweep
Date:   2026-05-15
Commit: 6291133
Bench:  extras/bench_fse_xy_micro.c
Run:    ./build/pivco_fse_xy_micro 1000  (min of 5 batches × 1000 iters)

huff0 cols: hufC1/hufC4 (encode, 1-stream / 4-stream, pre-built CTable)
             huf1X1 / huf4X1 / huf4X2 (decode, single-stream / 4-stream X1 / 4-stream X2)
huf cells with '-' = HUF declined to compress (too uniform; happens at pmaj ≤ 0.60)

============================================================
M4 — Apple M4 Max (laptop, local, macOS Darwin 25)
Arch:   ARM (NEON), ~4.4 GHz P-core max
============================================================
FSE x[2,4,6,8,10,12,16] × y[1,2,4] microbench, min of 5 batches × 1000 iters/batch per cell
(numbers are MB/s; higher = faster.  x2y2 = FSE's shipping decode shape.)
size = source-byte count.  pmaj = P(bit = 0) = major-symbol probability (each bit drawn IID).
high pmaj = more zeros = skewed bitmap = tighter FSE compression.

--- ENCODE (MB/s, varies only with x for FSE; huff0 = ref) ---
 size  pmaj |     x2     x4     x6     x8    x10    x12    x16   hufC1  hufC4
-----  -----+----------------------------------------------------------------
   48  0.80 |  727.3  923.1  979.6 1021.3    -   1000.0  941.2     -      -  
   96  0.80 |  744.2  969.7 1129.4 1142.9    -   1156.6 1129.4     -      -  
  240  0.80 |  776.7 1025.6 1256.5 1276.6 1371.4 1355.9 1340.8  3038.0 2891.6
  480  0.80 |  858.7 1093.4 1344.5 1337.0 1424.3 1415.9 1411.8  2874.3 2857.1
  960  0.80 |  832.6 1083.5 1352.1 1352.1 1448.0 1437.1 1432.8  2882.9 2823.5
 1440  0.80 |  833.3 1081.1 1343.3 1354.7 1451.6 1442.9 1442.9  2891.6 2812.5
 2880  0.80 |  833.1 1526.2 1406.2 1404.2 1465.6 1449.4 1450.9  2978.3 2790.7
  960  0.50 |  836.2 1509.4 1340.8 1426.4 1497.7 1497.7 1459.0     -      -  
  960  0.55 |  885.6 1087.2 1504.7 1472.4 1461.2 1465.6 1461.2     -      -  
  960  0.60 |  865.6 1090.9 1445.8 1441.4 1448.0 1439.3 1465.6     -      -  
  960  0.70 |  851.8 1479.2 1385.3 1407.6 1465.6 1435.0 1435.0  2865.7 2782.6
  960  0.90 |  834.1 1075.0 1338.9 1365.6 1443.6 1430.7 1432.8  2840.2 2774.6

--- DECODE (MB/s; huff0 = ref) ---
 size  pmaj |   x2y1   x2y2   x2y4    x4y1   x4y2   x4y4    x6y1   x6y2   x6y4    x8y1   x8y2   x8y4   x10y1  x10y2  x10y4   x12y1  x12y2  x12y4   x16y1  x16y2  x16y4  huf1X1 huf4X1 huf4X2
-----  -----+--------------------------------------------------------------------------------------------------------------------------------------------------------------------------------
   48  0.80 |  750.0  738.5  750.0  1116.3 1142.9 1170.7  1297.3 1297.3 1297.3  1371.4 1333.3 1263.2     -      -      -    1090.9 1021.3 1263.2   960.0 1090.9  842.1     -      -      -  
   96  0.80 |  738.5  761.9  768.0  1280.0 1280.0 1280.0  1454.5 1476.9 1432.8  1627.1 1600.0 1627.1     -      -      -    1476.9 1352.1 1476.9  1215.2 1627.1 1352.1     -      -      -  
  240  0.80 |  774.2  792.1  789.5  1387.3 1379.3 1387.3  1702.1 1690.1 1690.1  2000.0 1967.2 1875.0  1791.0 1860.5 2123.9  1832.1 1621.6 1690.1  1472.4 2033.9 1655.2   419.6 1355.9 2500.0
  480  0.80 |  864.9  866.4  879.1  1454.5 1450.2 1445.8  1732.9 1720.4 1672.5  2042.6 1959.2 1920.0  1811.3 1875.0 2191.8  1875.0 1666.7 1720.4  1553.4 2212.0 1927.7   413.8 1486.1 2253.5
  960  0.80 |  839.2  868.8  873.5  1454.5 1428.6 1432.8  1723.5 1717.4 1714.3  2073.4 1987.6 1939.4  1853.3 1912.4 2243.0  2186.8 1842.6 1784.4  1613.4 2280.3 2025.3   408.3 1479.2 2274.9
 1440  0.80 |  835.8  855.6  864.3  1447.2 1437.1 1533.5  1904.8 1820.5 1771.2  2139.7 2036.8 2031.0  1904.8 1959.2 2267.7  2000.0 1751.8 1749.7  1603.6 2282.1 2008.4   404.9 1525.4 2368.4
 2880  0.80 |  838.4  859.7  857.4  1447.2 1545.1 1485.3  1780.0 1749.7 1738.1  2114.5 2014.0 2018.2  1902.2 1972.6 2294.8  2028.2 1755.0 1757.2  1679.3 2356.8 2066.0   402.3 1531.9 2283.9
  960  0.50 | 1005.2 1136.1 1235.5  1801.1 1967.2 1943.3  2123.9 1904.8 1878.7  2630.1 2358.7 2176.9  2400.0 2227.4 2291.2  2038.2 1856.9 1912.4  1635.4 2307.7 2096.1     -      -      -  
  960  0.55 | 1087.2 1160.8 1177.9  1955.2 2105.3 1801.1  2152.5 1955.2 2055.7  2406.0 2264.2 2307.7  2394.0 2016.8 2280.3  2138.1 1835.6 1821.6  1702.1 2400.0 2280.3     -      -      -  
  960  0.60 |  838.4  875.9  871.1  1463.4 1428.6 1528.7  1901.0 1714.3 1702.1  2313.3 2227.4 2004.2  1853.3 2033.9 2313.3  2082.4 1736.0 1791.0  1597.3 2248.2 2133.3     -      -      -  
  960  0.70 |  856.4  850.3  871.1  1445.8 1540.9 1497.7  1774.5 1732.9 1720.4  2091.5 1979.4 1991.7  1882.4 1959.2 2264.2  1983.5 1720.4 1732.9  1566.1 2232.6 1967.2   406.6 1533.5 1635.4
  960  0.90 |  829.7  849.6  871.9  1553.4 1490.7 1504.7  1748.6 1729.7 1714.3  2082.4 2038.2 2021.1  1878.7 1927.7 2243.0  1967.2 1699.1 1732.9  1566.1 2253.5 2008.4   408.9 1401.5 2815.2

============================================================
c6a — AMD EPYC 7R13 (Zen 3 / Milan, 2021)
Arch:   x86-64, AVX2 + BMI2 + SSE4.1, ~3.6 GHz boost
============================================================
FSE x[2,4,6,8,10,12,16] × y[1,2,4] microbench, min of 5 batches × 1000 iters/batch per cell
(numbers are MB/s; higher = faster.  x2y2 = FSE's shipping decode shape.)
size = source-byte count.  pmaj = P(bit = 0) = major-symbol probability (each bit drawn IID).
high pmaj = more zeros = skewed bitmap = tighter FSE compression.

--- ENCODE (MB/s, varies only with x for FSE; huff0 = ref) ---
 size  pmaj |     x2     x4     x6     x8    x10    x12    x16   hufC1  hufC4
-----  -----+----------------------------------------------------------------
   48  0.80 |  387.2  509.2  457.2  483.8    -    479.0  461.1     -      -  
   96  0.80 |  435.2  505.2  475.9  520.0    -    516.1  511.7     -      -  
  240  0.80 |  481.8  531.2  499.8  532.0  533.6  531.9  527.0  1604.8 1419.9
  480  0.80 |  495.4  543.6  503.8  544.3  539.3  543.4  534.4  1648.5 1526.1
  960  0.80 |  506.5  559.6  510.2  545.0  542.4  541.6  539.0  1668.9 1611.6
 1440  0.80 |  507.4  557.0  510.1  545.3  541.7  544.1  539.9  1695.7 1638.7
 2880  0.80 |  506.9  557.3  515.8  546.4  543.4  544.9  540.1  1698.4 1664.7
  960  0.50 |  507.4  559.7  506.6  548.1  541.9  546.8  534.8     -      -  
  960  0.55 |  505.0  561.4  507.2  548.1  543.0  545.4  536.5     -      -  
  960  0.60 |  505.5  557.3  504.4  546.7  542.8  544.5  538.3     -      -  
  960  0.70 |  501.4  553.6  506.8  545.6  541.3  545.6  536.5  1679.5 1615.5
  960  0.90 |  503.1  553.0  506.2  546.8  540.3  543.4  537.3  1704.6 1628.0

--- DECODE (MB/s; huff0 = ref) ---
 size  pmaj |   x2y1   x2y2   x2y4    x4y1   x4y2   x4y4    x6y1   x6y2   x6y4    x8y1   x8y2   x8y4   x10y1  x10y2  x10y4   x12y1  x12y2  x12y4   x16y1  x16y2  x16y4  huf1X1 huf4X1 huf4X2
-----  -----+--------------------------------------------------------------------------------------------------------------------------------------------------------------------------------
   48  0.80 |  623.0  626.3  662.1   902.1  910.1  894.7   769.1  715.6  712.9   748.8  660.4  652.0     -      -      -     515.4  501.6  624.6   493.3  533.6  464.6     -      -      -  
   96  0.80 |  645.6  660.3  673.8   997.9 1007.1  958.4   877.3  772.5  771.9   896.6  758.3  718.2     -      -      -     604.4  624.9  685.5   569.7  648.2  609.1     -      -      -  
  240  0.80 |  661.9  703.8  698.2  1095.1 1102.0 1021.4   964.7  827.4  791.1  1023.7  821.1  748.7   890.2  747.8  789.9   645.9  653.8  716.7   625.9  683.6  643.1   381.6  858.4 1238.3
  480  0.80 |  656.9  684.2  694.4  1143.8 1112.9 1029.8   977.1  830.6  797.5  1043.9  826.2  759.7   929.2  770.9  794.5   664.2  670.4  724.3   648.7  694.1  691.7   376.6  989.8 1201.3
  960  0.80 |  658.3  690.4  690.9  1174.3 1147.3 1037.1   993.6  844.3  809.4  1082.4  845.4  765.8   956.3  785.9  807.4   674.7  690.9  727.2   656.2  700.0  717.3   365.4 1020.5 1262.5
 1440  0.80 |  660.6  689.6  690.4  1186.2 1139.5 1039.2  1000.3  841.3  811.6  1085.5  852.0  766.8   968.1  792.7  810.7   679.3  695.7  729.2   661.3  702.2  711.7   369.3 1083.5 1339.2
 2880  0.80 |  661.0  688.5  686.2  1181.9 1151.2 1044.0  1013.9  844.1  806.8  1094.5  848.1  766.9   970.1  791.5  811.0   681.0  699.5  728.8   664.9  703.4  717.6   368.4 1104.3 1298.5
  960  0.50 |  658.9  682.4  682.2  1171.3 1137.9 1038.0   991.3  842.8  807.5  1075.5  846.6  763.5   958.0  788.3  803.7   675.4  692.9  722.6   656.1  699.9  712.5     -      -      -  
  960  0.55 |  662.7  682.7  685.4  1176.0 1140.2 1039.0  1013.0  844.9  799.3  1079.0  852.0  764.7   960.3  788.4  807.9   674.7  694.1  723.8   656.2  700.4  710.6     -      -      -  
  960  0.60 |  663.0  697.3  685.4  1177.4 1140.6 1033.2  1010.6  841.8  804.7  1088.5  849.6  765.8   962.9  790.9  809.0   676.3  693.1  728.4   657.6  700.4  715.6     -      -      -  
  960  0.70 |  659.0  692.0  686.2  1173.4 1135.5 1046.6   997.4  835.1  803.1  1080.2  847.4  764.9   955.0  790.6  808.2   676.0  694.1  727.2   657.3  700.0  716.1   368.0 1091.3  934.3
  960  0.90 |  660.7  686.0  687.1  1171.0 1141.3 1039.5   990.0  841.9  805.0  1081.3  842.6  766.6   956.5  783.5  809.2   675.5  691.7  727.9   657.7  700.4  715.4   369.4  981.4 1524.9

============================================================
c8a — AMD EPYC 9R45 (Zen 5 / Turin, 2024)
Arch:   x86-64, AVX-512 VBMI2 + VPOPCNTDQ, ~4.5 GHz boost
============================================================
FSE x[2,4,6,8,10,12,16] × y[1,2,4] microbench, min of 5 batches × 1000 iters/batch per cell
(numbers are MB/s; higher = faster.  x2y2 = FSE's shipping decode shape.)
size = source-byte count.  pmaj = P(bit = 0) = major-symbol probability (each bit drawn IID).
high pmaj = more zeros = skewed bitmap = tighter FSE compression.

--- ENCODE (MB/s, varies only with x for FSE; huff0 = ref) ---
 size  pmaj |     x2     x4     x6     x8    x10    x12    x16   hufC1  hufC4
-----  -----+----------------------------------------------------------------
   48  0.80 |  528.6  727.7  735.1  762.8    -    760.3  737.8     -      -  
   96  0.80 |  533.5  746.6  757.0  792.7    -    828.9  823.5     -      -  
  240  0.80 |  547.1  786.8  809.2  852.5  866.3  861.2  860.5  2492.2 2249.7
  480  0.80 |  542.6  796.5  811.5  865.1  882.4  873.7  876.0  2414.7 2370.9
  960  0.80 |  550.0  809.8  830.3  878.3  897.9  899.9  902.6  2528.0 2482.6
 1440  0.80 |  551.1  811.2  830.2  880.2  901.3  898.7  899.5  2557.1 2520.3
 2880  0.80 |  552.8  814.3  834.5  885.4  905.8  903.7  911.7  2583.9 2521.5
  960  0.50 |  549.8  811.4  832.4  881.7  897.6  895.8  899.8     -      -  
  960  0.55 |  552.1  812.1  830.8  881.8  897.3  896.0  900.1     -      -  
  960  0.60 |  550.4  807.9  830.4  878.8  900.4  896.8  903.9     -      -  
  960  0.70 |  549.7  809.8  830.9  878.2  898.3  894.9  905.2  2517.2 2480.2
  960  0.90 |  545.9  802.9  822.7  874.4  894.4  893.9  896.1  2422.4 2408.0

--- DECODE (MB/s; huff0 = ref) ---
 size  pmaj |   x2y1   x2y2   x2y4    x4y1   x4y2   x4y4    x6y1   x6y2   x6y4    x8y1   x8y2   x8y4   x10y1  x10y2  x10y4   x12y1  x12y2  x12y4   x16y1  x16y2  x16y4  huf1X1 huf4X1 huf4X2
-----  -----+--------------------------------------------------------------------------------------------------------------------------------------------------------------------------------
   48  0.80 |  963.9  947.3  975.6  1335.6 1352.5 1417.6  1243.6 1229.5 1381.3  1193.1 1216.1 1200.3     -      -      -    1034.5 1037.8 1202.4  1015.4 1017.2  828.4     -      -      -  
   96  0.80 |  992.7 1003.8 1022.0  1468.6 1458.1 1514.4  1406.2 1443.6 1530.6  1461.9 1493.2 1617.3     -      -      -    1374.4 1417.0 1400.6  1264.3 1380.1 1195.4     -      -      -  
  240  0.80 | 1019.8 1044.8 1050.0  1610.8 1621.4 1617.4  1555.6 1639.7 1661.4  1735.4 1779.0 1775.4  1654.3 1656.3 1787.9  1515.9 1506.2 1547.0  1497.8 1547.1 1429.9   489.1 1440.8 2499.0
  480  0.80 | 1007.3 1049.8 1046.4  1669.1 1623.8 1599.3  1589.0 1659.8 1688.4  1811.5 1838.2 1875.0  1694.3 1708.1 1828.7  1566.1 1532.8 1588.6  1559.4 1641.9 1603.2   479.3 1602.0 2405.7
  960  0.80 | 1026.2 1051.0 1051.8  1678.3 1667.9 1632.8  1632.4 1731.7 1741.3  1873.0 1919.1 1943.6  1768.5 1779.0 1896.8  1647.8 1624.2 1665.0  1635.0 1707.1 1719.9   474.9 1577.0 2383.6
 1440  0.80 | 1024.3 1052.7 1047.1  1696.3 1681.1 1662.6  1643.5 1754.3 1750.0  1902.8 1925.3 1954.0  1795.0 1793.3 1910.7  1660.5 1659.0 1667.1  1644.8 1720.9 1710.7   472.9 1685.4 2656.7
 2880  0.80 | 1027.9 1050.1 1048.2  1701.2 1692.0 1664.3  1655.8 1776.3 1769.1  1922.3 1951.0 1967.3  1807.2 1819.0 1927.1  1687.0 1682.6 1693.5  1671.8 1743.8 1754.6   471.6 1758.5 2597.1
  960  0.50 | 1024.1 1042.0 1039.0  1692.4 1685.1 1656.0  1630.9 1736.2 1743.5  1908.0 1917.1 1951.5  1786.0 1788.6 1868.9  1650.3 1649.7 1667.4  1640.7 1718.6 1727.6     -      -      -  
  960  0.55 | 1023.3 1038.6 1036.3  1699.1 1686.1 1667.6  1630.5 1739.8 1743.8  1917.0 1925.5 1958.2  1784.9 1790.9 1876.5  1657.3 1653.8 1672.9  1639.0 1714.6 1723.7     -      -      -  
  960  0.60 | 1017.8 1039.9 1039.9  1677.0 1663.7 1636.9  1622.3 1729.2 1734.9  1891.6 1901.3 1931.0  1782.0 1781.9 1868.3  1643.5 1635.0 1652.3  1634.9 1715.3 1720.6     -      -      -  
  960  0.70 | 1021.3 1040.4 1043.7  1671.4 1664.9 1643.8  1624.2 1728.2 1739.5  1881.3 1906.4 1934.2  1788.5 1791.6 1873.0  1644.2 1650.3 1663.8  1636.1 1707.2 1715.2   474.0 1684.6 1812.4
  960  0.90 | 1022.4 1050.0 1046.7  1681.7 1671.9 1636.0  1623.4 1719.5 1720.9  1867.3 1909.8 1932.3  1775.4 1771.0 1874.4  1650.1 1625.9 1657.4  1629.6 1707.3 1712.6   475.1 1546.5 3082.0

============================================================
c8g — AWS Graviton 4 (Neoverse-V2, 2024)
Arch:   ARM (NEON), ~2.8 GHz P-core
============================================================
FSE x[2,4,6,8,10,12,16] × y[1,2,4] microbench, min of 5 batches × 1000 iters/batch per cell
(numbers are MB/s; higher = faster.  x2y2 = FSE's shipping decode shape.)
size = source-byte count.  pmaj = P(bit = 0) = major-symbol probability (each bit drawn IID).
high pmaj = more zeros = skewed bitmap = tighter FSE compression.

--- ENCODE (MB/s, varies only with x for FSE; huff0 = ref) ---
 size  pmaj |     x2     x4     x6     x8    x10    x12    x16   hufC1  hufC4
-----  -----+----------------------------------------------------------------
   48  0.80 |  400.2  601.8  583.7  584.8    -    554.3  527.9     -      -  
   96  0.80 |  405.7  635.7  619.6  629.8    -    613.9  599.0     -      -  
  240  0.80 |  409.2  657.3  642.7  663.5  671.1  654.4  650.1  1583.2 1469.4
  480  0.80 |  407.7  653.7  647.5  667.3  675.7  660.6  667.5  1607.3 1540.6
  960  0.80 |  410.9  664.5  651.4  671.8  684.7  673.8  669.6  1598.5 1566.8
 1440  0.80 |  410.9  667.4  656.0  679.6  692.2  680.9  680.3  1617.5 1600.2
 2880  0.80 |  411.3  668.6  655.8  681.2  692.8  682.6  683.7  1621.2 1612.8
  960  0.50 |  409.6  662.4  649.9  673.7  686.1  671.7  672.2     -      -  
  960  0.55 |  409.7  659.6  649.3  671.7  681.9  670.2  668.7     -      -  
  960  0.60 |  409.6  659.7  649.8  669.4  680.7  670.1  671.8     -      -  
  960  0.70 |  408.2  658.7  649.4  670.6  680.7  670.8  670.7  1614.8 1587.9
  960  0.90 |  410.9  667.3  652.9  676.8  691.1  677.0  678.9  1604.3 1570.9

--- DECODE (MB/s; huff0 = ref) ---
 size  pmaj |   x2y1   x2y2   x2y4    x4y1   x4y2   x4y4    x6y1   x6y2   x6y4    x8y1   x8y2   x8y4   x10y1  x10y2  x10y4   x12y1  x12y2  x12y4   x16y1  x16y2  x16y4  huf1X1 huf4X1 huf4X2
-----  -----+--------------------------------------------------------------------------------------------------------------------------------------------------------------------------------
   48  0.80 |  528.6  561.2  579.3   762.7  776.0  807.4   866.6  884.7  945.3   858.1  891.1  893.7     -      -      -     630.9  617.9  820.8   570.6  658.5  507.3     -      -      -  
   96  0.80 |  544.5  585.3  600.9   830.4  849.0  872.4   961.2  992.0 1038.5  1020.2 1035.2 1112.0     -      -      -     816.8  765.5  872.0   627.9  849.2  713.5     -      -      -  
  240  0.80 |  544.6  591.3  604.2   859.9  900.2  911.5  1038.3 1084.8 1116.1  1168.2 1183.7 1204.7  1170.5 1086.7 1034.9   889.5  796.1  970.7   739.7  930.4  863.5   288.9  778.7 1418.0
  480  0.80 |  539.5  591.8  602.8   874.4  912.9  917.5  1072.3 1119.5 1132.0  1200.4 1188.4 1216.0  1211.9 1106.4 1053.6   930.1  862.3 1013.9   792.4 1027.5  960.5   284.5  914.4 1382.1
  960  0.80 |  540.0  591.7  603.6   882.6  922.5  926.6  1069.8 1126.9 1154.8  1220.1 1209.2 1229.8  1236.9 1131.9 1065.7   968.5  899.4 1033.6   816.1 1054.8 1034.1   281.5  946.6 1440.9
 1440  0.80 |  540.1  595.2  604.5   887.5  926.0  931.4  1069.7 1115.9 1146.7  1226.5 1207.7 1227.1  1264.0 1152.5 1063.5   988.1  914.2 1042.7   823.6 1060.3 1025.2   280.5 1005.3 1580.5
 2880  0.80 |  543.9  596.0  605.3   895.3  922.6  932.4  1095.7 1150.8 1165.5  1209.3 1199.1 1221.7  1274.4 1147.1 1070.8   989.9  920.7 1049.4   832.0 1071.1 1050.1   279.6 1035.3 1502.2
  960  0.50 |  545.4  593.0  597.1   890.5  918.7  933.1  1069.5 1135.2 1154.6  1223.3 1210.6 1222.7  1254.0 1133.7 1060.0   972.9  907.1 1039.5   818.4 1056.7 1033.9     -      -      -  
  960  0.55 |  544.4  594.2  604.3   887.3  917.1  932.8  1080.3 1134.6 1156.8  1221.8 1207.8 1220.5  1255.5 1147.9 1065.5   971.5  907.2 1035.1   818.0 1056.6 1031.0     -      -      -  
  960  0.60 |  540.5  594.0  603.3   881.4  921.5  926.5  1065.6 1119.7 1146.0  1219.6 1202.4 1224.8  1248.3 1147.4 1064.2   970.4  907.0 1034.9   816.5 1054.1 1035.1     -      -      -  
  960  0.70 |  538.9  594.7  604.3   882.0  924.7  929.4  1072.9 1131.2 1153.3  1233.7 1210.0 1233.2  1252.7 1147.7 1063.0   977.1  907.2 1037.4   816.0 1052.4 1033.5   281.4 1010.8 1079.4
  960  0.90 |  539.8  594.0  603.8   891.3  923.1  925.0  1064.8 1099.3 1128.6  1219.8 1209.1 1230.8  1242.1 1128.1 1067.1   970.1  896.8 1035.1   814.8 1053.4 1032.1   282.0  887.8 1760.7

============================================================
c8i — Intel Xeon 6975P-C (Granite Rapids, 2024)
Arch:   x86-64, AVX-512 VBMI2 + VPOPCNTDQ, ~3.9 GHz boost
============================================================
FSE x[2,4,6,8,10,12,16] × y[1,2,4] microbench, min of 5 batches × 1000 iters/batch per cell
(numbers are MB/s; higher = faster.  x2y2 = FSE's shipping decode shape.)
size = source-byte count.  pmaj = P(bit = 0) = major-symbol probability (each bit drawn IID).
high pmaj = more zeros = skewed bitmap = tighter FSE compression.

--- ENCODE (MB/s, varies only with x for FSE; huff0 = ref) ---
 size  pmaj |     x2     x4     x6     x8    x10    x12    x16   hufC1  hufC4
-----  -----+----------------------------------------------------------------
   48  0.80 |  492.3  587.0  678.6  693.3    -    686.3  670.6     -      -  
   96  0.80 |  511.4  672.2  720.9  745.7    -    748.5  742.5     -      -  
  240  0.80 |  517.8  704.5  730.9  756.0  782.5  775.3  757.8  1951.6 1889.3
  480  0.80 |  507.4  714.7  730.1  766.0  795.0  783.2  774.7  1967.4 1808.4
  960  0.80 |  518.6  730.2  753.8  791.0  811.2  799.2  802.2  2050.4 1954.9
 1440  0.80 |  520.2  731.1  759.2  793.4  818.5  808.1  812.4  2071.2 1982.8
 2880  0.80 |  521.4  736.3  766.6  800.8  819.4  813.8  821.7  2067.9 2040.0
  960  0.50 |  522.6  731.8  757.6  793.8  815.3  810.7  807.3     -      -  
  960  0.55 |  522.1  731.4  759.5  791.8  814.9  806.3  807.7     -      -  
  960  0.60 |  520.3  730.2  759.4  791.0  813.9  800.7  811.1     -      -  
  960  0.70 |  519.1  729.2  759.0  792.0  810.9  806.3  813.0  2053.6 1942.4
  960  0.90 |  518.4  727.9  753.2  786.0  808.6  795.5  802.4  1999.1 1902.1

--- DECODE (MB/s; huff0 = ref) ---
 size  pmaj |   x2y1   x2y2   x2y4    x4y1   x4y2   x4y4    x6y1   x6y2   x6y4    x8y1   x8y2   x8y4   x10y1  x10y2  x10y4   x12y1  x12y2  x12y4   x16y1  x16y2  x16y4  huf1X1 huf4X1 huf4X2
-----  -----+--------------------------------------------------------------------------------------------------------------------------------------------------------------------------------
   48  0.80 |  619.7  606.3  618.2   931.2  946.8  968.1   993.8  947.3 1008.2  1023.3 1049.6 1033.7     -      -      -     903.4  940.5 1051.6   873.4  878.0  711.4     -      -      -  
   96  0.80 |  561.5  547.6  563.5   902.0  943.8  958.5   948.5 1058.0 1067.0  1059.9 1208.1 1261.6     -      -      -    1189.4 1280.3 1262.6  1112.5 1191.6 1044.5     -      -      -  
  240  0.80 |  562.0  534.7  533.0   955.4  937.2  962.5  1069.1 1132.6 1135.9  1239.7 1334.1 1304.4  1333.3 1424.0 1495.5  1277.3 1376.4 1438.8  1334.5 1365.5 1260.7   343.0 1021.6 1592.2
  480  0.80 |  557.4  529.1  526.7   959.7  944.9  955.4  1087.5 1122.1 1129.5  1323.1 1376.9 1348.4  1449.6 1485.0 1499.4  1373.3 1414.1 1451.3  1384.3 1443.3 1445.1   334.0 1082.9 1464.9
  960  0.80 |  555.9  524.6  521.5   965.9  950.7  951.6  1132.6 1151.7 1158.9  1363.5 1386.4 1354.9  1514.0 1520.1 1548.4  1433.2 1452.4 1517.1  1417.8 1468.7 1506.1   328.8 1097.8 1491.2
 1440  0.80 |  552.5  522.6  519.6   963.1  953.4  950.7  1139.4 1157.6 1163.1  1374.5 1397.5 1363.6  1535.9 1530.2 1563.5  1465.7 1480.0 1531.0  1454.4 1491.3 1508.4   325.9 1126.9 1603.0
 2880  0.80 |  553.1  521.2  518.2   966.1  955.5  955.9  1136.0 1167.3 1171.1  1389.4 1409.3 1377.7  1551.1 1535.0 1574.5  1479.3 1519.5 1545.2  1452.1 1513.4 1541.6   324.6 1141.7 1509.5
  960  0.50 |  554.8  522.3  518.7   972.4  956.5  952.9  1132.9 1163.2 1156.8  1379.8 1409.7 1369.0  1517.8 1525.4 1543.5  1447.9 1485.8 1521.1  1414.5 1477.4 1517.0     -      -      -  
  960  0.55 |  550.9  521.8  517.9   970.4  955.9  961.7  1132.8 1163.7 1158.6  1380.2 1409.5 1367.1  1526.1 1518.4 1544.1  1446.1 1476.2 1511.1  1414.8 1488.7 1507.7     -      -      -  
  960  0.60 |  547.6  522.5  518.7   960.7  949.3  951.3  1130.6 1161.1 1153.6  1362.5 1390.1 1355.6  1516.7 1516.3 1541.8  1447.6 1488.5 1515.8  1410.7 1471.3 1494.1     -      -      -  
  960  0.70 |  555.0  523.4  519.5   963.7  952.0  953.1  1130.6 1160.9 1154.1  1358.7 1382.1 1374.4  1521.3 1524.6 1546.0  1446.0 1481.8 1519.4  1408.3 1483.0 1501.9   327.5 1135.4 1103.0
  960  0.90 |  557.5  524.7  521.0   966.7  955.4  955.6  1132.7 1168.5 1158.0  1360.5 1390.9 1363.2  1521.9 1503.4 1559.7  1436.1 1462.2 1512.8  1406.5 1492.1 1503.3   329.8 1057.1 1831.3
