FSE cursor-count × unroll-factor microbench — cross-platform sweep
Date:   2026-05-15
Commit: e15db04
Bench:  extras/bench_fse_xy_micro.c
Run:    ./build/pivco_fse_xy_micro 1000  (min of 5 batches × 1000 iters)

============================================================
M4 — Apple M4 Max (laptop, local, macOS Darwin 25)
Arch:   ARM (NEON), ~4.4 GHz P-core max
============================================================
FSE x[2,4,6,8,10,12,16] × y[1,2,4] microbench, min of 5 batches × 1000 iters/batch per cell
(numbers are MB/s; higher = faster.  x2y2 = FSE's shipping decode shape.)
size = source-byte count.  pmaj = P(bit = 0) = major-symbol probability (each bit drawn IID).
high pmaj = more zeros = skewed bitmap = tighter FSE compression.

--- ENCODE (MB/s, varies only with x) ---
 size  pmaj |     x2     x4     x6     x8    x10    x12    x16
-----  -----+-------------------------------------------------
   48  0.80 |  727.3  923.1  979.6 1021.3    -   1021.3  941.2
   96  0.80 |  744.2  941.2 1129.4 1142.9    -   1156.6 1156.6
  240  0.80 |  789.5 1016.9 1250.0 1318.7 1363.6 1355.9 1333.3
  480  0.80 |  834.8 1073.8 1340.8 1355.9 1428.6 1415.9 1395.3
  960  0.80 |  819.8 1058.4 1348.3 1361.7 1448.0 1432.8 1432.8
 1440  0.80 |  818.6 1042.7 1391.3 1363.6 1453.1 1442.9 1441.4
 2880  0.80 |  819.1 1510.2 1387.3 1413.8 1467.9 1438.6 1448.0
  960  0.50 |  824.7 1057.3 1385.3 1420.1 1456.8 1459.0 1459.0
  960  0.55 |  920.4 1137.4 1516.6 1452.3 1597.3 1483.8 1461.2
  960  0.60 |  819.8 1418.0 1346.4 1459.0 1538.5 1432.8 1428.6
  960  0.70 |  908.2 1088.4 1548.4 1526.2 1479.2 1540.9 1432.8
  960  0.90 |  818.4 1058.4 1391.3 1415.9 1452.3 1437.1 1432.8

--- DECODE (MB/s) ---
 size  pmaj |   x2y1   x2y2   x2y4    x4y1   x4y2   x4y4    x6y1   x6y2   x6y4    x8y1   x8y2   x8y4   x10y1  x10y2  x10y4   x12y1  x12y2  x12y4   x16y1  x16y2  x16y4
-----  -----+---------------------------------------------------------------------------------------------------------------------------------------------------------
   48  0.80 |  750.0  738.5  761.9  1170.7 1200.0 1230.8  1333.3 1333.3 1263.2  1371.4 1371.4 1297.3     -      -      -    1116.3 1021.3 1263.2   960.0 1043.5  842.1
   96  0.80 |  768.0  761.9  768.0  1280.0 1263.2 1280.0  1454.5 1454.5 1432.8  1627.1 1627.1 1627.1     -      -      -    1454.5 1371.4 1476.9  1215.2 1573.8 1371.4
  240  0.80 |  781.8  800.0  797.3  1379.3 1379.3 1403.5  1702.1 1643.8 1678.3  2000.0 1951.2 1904.8  1804.5 1818.2 2087.0  1818.2 1610.7 1690.1  1445.8 1920.0 1643.8
  480  0.80 |  834.8  879.1  877.5  1450.2 1454.5 1415.9  1720.4 1696.1 1696.1  2016.8 1951.2 1951.2  1825.1 1825.1 2191.8  1875.0 1655.2 1708.2  1553.4 2171.9 1927.7
  960  0.80 |  838.4  866.4  862.5  1443.6 1415.9 1441.4  1723.5 1699.1 1717.4  2073.4 1995.8 1991.7  1853.3 1959.2 2335.8  1987.6 1748.6 1745.5  1592.0 2243.0 1979.4
 1440  0.80 |  860.2  874.8  870.6  1489.1 1453.1 1441.4  1756.1 1732.9 1722.5  2099.1 1961.9 2000.0  1865.3 1917.4 2271.3  2000.0 1754.0 1749.7  1610.7 2274.9 2008.4
 2880  0.80 |  828.1  854.3  856.9  1444.3 1512.6 1483.8  1761.5 1733.9 1706.2  2105.3 1990.3 2149.3  2001.4 2014.0 2307.7  2031.0 1772.3 1760.4  1641.0 2283.9 2060.1
  960  0.50 | 1022.4 1130.7 1232.3  1920.0 2008.4 1908.5  2077.9 1943.3 1923.8  2637.4 2430.4 2370.4  2467.9 2123.9 2274.9  2042.6 1791.0 1935.5  1705.2 2313.3 2082.4
  960  0.55 | 1056.1 1198.5 1216.7  1991.7 2100.7 1904.8  2004.2 1912.4 1889.8  2324.5 2269.5 2335.8  2430.4 2021.1 2264.2  2222.2 1967.2 1842.6  1643.8 2296.7 2091.5
  960  0.60 |  845.1  855.6  861.8  1479.2 1452.3 1445.8  1901.0 1828.6 1711.2  2307.7 2222.2 2186.8  1920.0 1963.2 2269.5  1979.4 1732.9 1897.2  1635.4 2243.0 2021.1
  960  0.70 |  844.3  875.1  856.4  1500.0 1523.8 1533.5  1839.1 1818.2 1886.1  2157.3 1995.8 2008.4  1897.2 1963.2 2274.9  1975.3 1739.1 1739.1  1581.5 2227.4 2033.9
  960  0.90 |  825.5  850.3  849.6  1450.2 1445.8 1377.3  1748.6 1714.3 1696.1  2060.1 2012.6 2000.0  1860.5 1916.2 2253.5  1963.2 1723.5 1736.0  1584.2 2243.0 2201.8

============================================================
c6a — AMD EPYC 7R13 (Zen 3 / Milan, 2021)
Arch:   x86-64, AVX2 + BMI2 + SSE4.1, ~3.6 GHz boost
AWS:    c6a.* instance family
============================================================
FSE x[2,4,6,8,10,12,16] × y[1,2,4] microbench, min of 5 batches × 1000 iters/batch per cell
(numbers are MB/s; higher = faster.  x2y2 = FSE's shipping decode shape.)
size = source-byte count.  pmaj = P(bit = 0) = major-symbol probability (each bit drawn IID).
high pmaj = more zeros = skewed bitmap = tighter FSE compression.

--- ENCODE (MB/s, varies only with x) ---
 size  pmaj |     x2     x4     x6     x8    x10    x12    x16
-----  -----+-------------------------------------------------
   48  0.80 |  387.1  505.5  475.0  488.6    -    485.4  469.9
   96  0.80 |  429.6  495.5  506.1  525.6    -    516.1  506.1
  240  0.80 |  469.1  527.5  509.3  542.8  542.3  539.3  533.3
  480  0.80 |  485.4  544.1  514.6  545.9  548.3  543.6  540.5
  960  0.80 |  495.6  551.0  530.3  553.0  552.0  548.7  546.3
 1440  0.80 |  498.1  553.2  526.0  553.8  555.3  548.6  547.9
 2880  0.80 |  497.1  554.8  528.3  553.0  551.7  547.8  546.7
  960  0.50 |  496.5  556.9  522.5  554.9  551.7  549.7  543.7
  960  0.55 |  497.4  556.8  522.6  554.7  552.0  548.2  544.2
  960  0.60 |  496.5  550.1  525.0  552.4  552.1  549.4  545.8
  960  0.70 |  493.4  552.4  528.0  553.0  550.5  550.3  545.2
  960  0.90 |  499.5  549.9  529.1  555.9  553.9  547.7  546.9

--- DECODE (MB/s) ---
 size  pmaj |   x2y1   x2y2   x2y4    x4y1   x4y2   x4y4    x6y1   x6y2   x6y4    x8y1   x8y2   x8y4   x10y1  x10y2  x10y4   x12y1  x12y2  x12y4   x16y1  x16y2  x16y4
-----  -----+---------------------------------------------------------------------------------------------------------------------------------------------------------
   48  0.80 |  607.6  644.2  650.6   879.6  882.5  877.0   782.0  719.7  717.5   744.6  644.2  632.7     -      -      -     518.0  500.1  649.2   489.8  535.9  468.9
   96  0.80 |  631.8  658.7  678.5   990.9  998.8  949.5   895.5  771.6  765.0   896.9  743.6  702.4     -      -      -     621.3  617.7  700.1   565.3  644.6  615.9
  240  0.80 |  656.0  674.4  676.3  1103.7 1096.4 1006.9   973.4  803.1  793.5  1023.1  821.8  737.3   883.0  763.0  776.4   661.4  659.7  726.3   623.6  680.2  661.4
  480  0.80 |  657.3  688.1  678.2  1138.6 1108.0 1008.4  1016.2  822.1  797.9  1059.8  823.7  745.2   913.4  784.0  791.4   683.6  681.8  734.3   643.9  691.5  692.3
  960  0.80 |  656.0  687.8  680.2  1173.8 1143.6 1046.2  1021.5  832.0  806.0  1085.4  846.6  750.2   962.6  810.8  801.5   696.6  693.1  736.4   655.7  700.0  715.2
 1440  0.80 |  658.9  690.1  681.4  1179.6 1154.1 1044.8  1037.6  835.5  809.0  1099.7  846.3  752.8   969.1  814.3  803.5   700.2  698.4  738.0   661.1  701.7  709.7
 2880  0.80 |  660.2  689.2  681.4  1185.5 1161.7 1043.8  1033.4  822.8  797.1  1097.1  852.5  752.5   972.7  814.0  805.2   703.0  700.6  738.6   663.2  703.5  713.6
  960  0.50 |  659.6  686.7  677.3  1179.8 1148.7 1040.8  1033.5  829.9  813.1  1078.5  856.6  748.7   961.4  813.8  793.3   696.4  693.1  734.2   654.5  699.6  707.6
  960  0.55 |  658.7  699.8  677.7  1164.8 1142.2 1041.9  1031.1  826.9  808.2  1081.3  849.8  749.7   958.3  813.1  794.2   696.3  698.4  732.0   655.0  698.5  710.5
  960  0.60 |  660.7  682.3  681.3  1177.4 1141.0 1041.2  1033.3  831.3  798.3  1080.5  846.2  749.9   958.3  815.9  800.9   697.1  694.2  737.1   656.4  700.0  714.8
  960  0.70 |  662.1  693.2  680.4  1171.6 1149.0 1049.0  1030.2  828.3  798.5  1086.4  855.7  751.6   961.2  817.7  806.4   697.2  693.0  737.6   656.2  700.0  713.5
  960  0.90 |  662.3  690.7  679.6  1169.1 1141.9 1038.3  1026.1  834.0  809.7  1079.9  843.0  752.2   955.4  806.4  801.4   694.6  690.3  736.2   655.8  699.6  714.7

============================================================
c8a — AMD EPYC 9R45 (Zen 5 / Turin, 2024)
Arch:   x86-64, AVX-512 VBMI2 + VPOPCNTDQ, ~4.5 GHz boost
AWS:    c8a.* instance family
============================================================
FSE x[2,4,6,8,10,12,16] × y[1,2,4] microbench, min of 5 batches × 1000 iters/batch per cell
(numbers are MB/s; higher = faster.  x2y2 = FSE's shipping decode shape.)
size = source-byte count.  pmaj = P(bit = 0) = major-symbol probability (each bit drawn IID).
high pmaj = more zeros = skewed bitmap = tighter FSE compression.

--- ENCODE (MB/s, varies only with x) ---
 size  pmaj |     x2     x4     x6     x8    x10    x12    x16
-----  -----+-------------------------------------------------
   48  0.80 |  522.9  732.4  736.2  764.3    -    758.9  737.0
   96  0.80 |  527.1  749.3  753.4  793.8    -    822.9  818.0
  240  0.80 |  545.1  788.1  802.2  828.6  810.0  860.3  854.8
  480  0.80 |  550.4  801.3  819.8  841.5  820.2  880.7  877.9
  960  0.80 |  552.2  807.5  828.2  859.1  825.5  888.6  884.3
 1440  0.80 |  553.0  813.4  830.9  869.9  827.6  891.5  890.9
 2880  0.80 |  552.5  815.3  826.9  879.1  828.9  892.9  889.7
  960  0.50 |  552.5  815.7  826.0  885.6  824.6  888.6  886.8
  960  0.55 |  553.4  809.8  826.9  885.4  824.9  889.1  886.5
  960  0.60 |  552.1  808.0  826.5  883.1  824.8  888.8  886.8
  960  0.70 |  551.5  811.3  826.5  883.8  824.6  889.0  886.8
  960  0.90 |  552.0  816.1  829.9  886.2  822.5  887.7  887.5

--- DECODE (MB/s) ---
 size  pmaj |   x2y1   x2y2   x2y4    x4y1   x4y2   x4y4    x6y1   x6y2   x6y4    x8y1   x8y2   x8y4   x10y1  x10y2  x10y4   x12y1  x12y2  x12y4   x16y1  x16y2  x16y4
-----  -----+---------------------------------------------------------------------------------------------------------------------------------------------------------
   48  0.80 |  965.2  948.1  976.0  1232.7 1271.9 1346.0  1228.6 1213.7 1354.0  1196.4 1206.9 1190.2     -      -      -     992.6 1000.4 1128.3  1015.4 1006.3  826.2
   96  0.80 | 1002.4 1012.2 1029.4  1462.3 1484.9 1510.9  1414.3 1454.1 1535.0  1459.0 1477.8 1609.7     -      -      -    1358.6 1397.6 1393.5  1271.9 1384.1 1194.2
  240  0.80 |  989.0 1041.4 1039.6  1605.9 1617.0 1607.5  1545.2 1614.0 1678.2  1735.7 1770.4 1773.3  1658.4 1657.8 1788.0  1518.5 1504.8 1537.2  1502.0 1555.6 1430.1
  480  0.80 |  998.2 1031.6 1036.9  1643.6 1573.6 1568.6  1593.6 1656.5 1654.3  1799.6 1831.1 1865.9  1637.2 1700.5 1829.6  1592.6 1578.3 1601.5  1523.6 1634.6 1599.2
  960  0.80 | 1014.8 1041.3 1047.0  1671.2 1631.6 1627.7  1629.1 1736.7 1718.7  1892.3 1911.7 1941.8  1735.5 1776.3 1900.1  1645.6 1641.4 1662.5  1608.3 1704.3 1686.7
 1440  0.80 | 1017.9 1044.8 1046.5  1684.4 1653.0 1654.7  1645.9 1761.4 1749.5  1908.1 1934.1 1959.8  1781.2 1805.3 1909.5  1677.3 1662.4 1674.2  1642.3 1732.6 1721.2
 2880  0.80 | 1022.7 1047.2 1048.0  1695.2 1674.7 1657.8  1647.1 1765.1 1743.0  1905.7 1928.8 1943.4  1769.9 1795.3 1907.3  1662.8 1650.2 1665.5  1639.5 1720.5 1722.4
  960  0.50 | 1021.2 1035.2 1041.3  1678.3 1657.4 1640.5  1612.6 1733.5 1723.3  1915.2 1938.6 1951.2  1763.1 1790.8 1897.4  1661.1 1640.5 1665.5  1615.2 1710.3 1696.1
  960  0.55 | 1016.3 1034.7 1038.7  1687.2 1662.6 1650.1  1625.9 1742.4 1731.1  1921.8 1949.7 1957.4  1765.5 1795.2 1900.8  1670.1 1649.3 1665.8  1619.3 1717.5 1702.1
  960  0.60 | 1012.8 1043.3 1042.7  1676.1 1655.4 1639.0  1630.9 1727.6 1718.8  1884.9 1899.1 1928.7  1752.7 1789.7 1892.0  1655.9 1634.4 1639.3  1616.6 1711.8 1692.0
  960  0.70 | 1015.1 1041.4 1047.0  1680.0 1657.9 1651.3  1626.5 1732.1 1716.2  1878.4 1907.1 1936.8  1758.1 1788.6 1891.7  1656.3 1634.7 1650.1  1617.7 1710.8 1692.9
  960  0.90 | 1014.1 1041.1 1041.4  1664.0 1645.3 1634.9  1632.2 1718.5 1690.8  1862.2 1910.3 1934.9  1755.2 1778.6 1902.1  1649.3 1641.6 1660.0  1622.6 1715.0 1699.7

============================================================
c8g — AWS Graviton 4 (Neoverse-V2, 2024)
Arch:   ARM (NEON), ~2.8 GHz P-core
AWS:    c8g.* instance family
============================================================
FSE x[2,4,6,8,10,12,16] × y[1,2,4] microbench, min of 5 batches × 1000 iters/batch per cell
(numbers are MB/s; higher = faster.  x2y2 = FSE's shipping decode shape.)
size = source-byte count.  pmaj = P(bit = 0) = major-symbol probability (each bit drawn IID).
high pmaj = more zeros = skewed bitmap = tighter FSE compression.

--- ENCODE (MB/s, varies only with x) ---
 size  pmaj |     x2     x4     x6     x8    x10    x12    x16
-----  -----+-------------------------------------------------
   48  0.80 |  395.4  580.3  567.2  567.4    -    539.8  517.4
   96  0.80 |  400.7  611.9  600.0  612.1    -    597.3  585.3
  240  0.80 |  403.3  632.9  621.7  639.1  648.9  634.6  631.3
  480  0.80 |  404.4  638.6  629.3  650.0  661.2  649.4  648.9
  960  0.80 |  405.7  642.5  633.7  656.6  666.7  655.0  656.8
 1440  0.80 |  405.1  643.3  636.0  658.8  668.3  658.2  660.3
 2880  0.80 |  405.2  642.8  636.1  658.5  670.9  660.7  662.4
  960  0.50 |  406.4  646.1  636.1  658.1  666.9  656.3  656.2
  960  0.55 |  405.5  646.6  636.4  659.0  668.2  658.2  658.3
  960  0.60 |  405.4  642.8  634.7  657.4  665.7  656.0  655.4
  960  0.70 |  405.7  642.7  634.5  656.2  665.3  654.8  656.8
  960  0.90 |  406.3  643.3  635.1  656.4  669.1  657.0  658.3

--- DECODE (MB/s) ---
 size  pmaj |   x2y1   x2y2   x2y4    x4y1   x4y2   x4y4    x6y1   x6y2   x6y4    x8y1   x8y2   x8y4   x10y1  x10y2  x10y4   x12y1  x12y2  x12y4   x16y1  x16y2  x16y4
-----  -----+---------------------------------------------------------------------------------------------------------------------------------------------------------
   48  0.80 |  529.0  562.3  580.5   765.4  781.7  816.2   856.8  862.7  940.5   861.5  876.0  875.2     -      -      -     637.3  617.6  810.4   537.8  650.2  513.7
   96  0.80 |  536.8  585.8  599.1   830.4  851.6  880.9   962.6  996.7 1049.1  1017.6 1031.9 1120.5     -      -      -     826.9  771.4  886.9   640.7  853.5  743.2
  240  0.80 |  544.1  595.3  604.7   860.2  887.6  908.9  1034.4 1088.6 1120.0  1157.3 1185.4 1199.8  1175.9 1079.8 1044.2   900.3  802.5  980.9   746.2  933.0  864.4
  480  0.80 |  542.7  593.6  605.3   882.4  902.6  918.2  1063.0 1122.1 1139.4  1212.0 1188.6 1214.7  1207.8 1107.3 1056.2   921.2  862.4 1018.8   786.6 1026.5  961.4
  960  0.80 |  538.6  593.9  603.8   889.5  907.8  926.1  1087.1 1139.3 1164.3  1225.4 1209.5 1225.6  1237.9 1131.8 1065.8   953.2  904.4 1044.3   816.2 1053.8 1031.2
 1440  0.80 |  542.8  595.2  605.0   893.6  912.0  930.5  1092.9 1145.3 1165.9  1244.6 1221.6 1240.5  1264.7 1149.8 1069.7   963.1  919.4 1051.1   825.0 1062.4 1026.3
 2880  0.80 |  544.1  595.3  605.4   896.3  914.8  932.9  1100.5 1153.1 1174.0  1256.2 1226.6 1243.8  1271.3 1149.0 1073.4   972.7  925.7 1060.3   832.2 1070.2 1044.0
  960  0.50 |  543.9  594.0  605.2   897.1  913.5  935.2  1087.5 1137.2 1160.5  1243.7 1226.8 1235.8  1255.3 1151.3 1071.7   954.9  912.9 1044.6   818.1 1056.1 1031.3
  960  0.55 |  544.2  593.5  604.8   894.9  911.6  933.0  1083.6 1131.5 1155.5  1242.9 1224.4 1235.1  1254.2 1147.2 1061.0   955.5  912.7 1045.8   818.3 1056.3 1031.3
  960  0.60 |  540.4  597.1  606.6   890.4  906.7  927.3  1085.3 1134.7 1162.9  1229.0 1216.2 1229.1  1255.5 1150.7 1064.9   954.2  911.6 1046.2   816.3 1053.7 1031.2
  960  0.70 |  543.7  594.9  605.6   889.3  908.3  927.0  1084.2 1131.6 1156.8  1229.1 1210.4 1231.2  1255.0 1146.7 1064.8   954.6  911.7 1041.9   815.9 1053.1 1029.8
  960  0.90 |  540.9  594.2  603.7   883.2  906.4  923.0  1087.0 1131.8 1153.2  1231.5 1213.3 1231.5  1242.7 1133.0 1066.5   950.3  901.2 1044.5   816.2 1052.6 1027.6

============================================================
c8i — Intel Xeon 6975P-C (Granite Rapids, 2024)
Arch:   x86-64, AVX-512 VBMI2 + VPOPCNTDQ, ~3.9 GHz boost
AWS:    c8i.* instance family
============================================================
FSE x[2,4,6,8,10,12,16] × y[1,2,4] microbench, min of 5 batches × 1000 iters/batch per cell
(numbers are MB/s; higher = faster.  x2y2 = FSE's shipping decode shape.)
size = source-byte count.  pmaj = P(bit = 0) = major-symbol probability (each bit drawn IID).
high pmaj = more zeros = skewed bitmap = tighter FSE compression.

--- ENCODE (MB/s, varies only with x) ---
 size  pmaj |     x2     x4     x6     x8    x10    x12    x16
-----  -----+-------------------------------------------------
   48  0.80 |  490.0  620.6  676.7  692.8    -    686.6  654.6
   96  0.80 |  511.8  721.6  721.4  745.2    -    748.8  741.7
  240  0.80 |  520.9  686.8  721.2  701.4  709.4  759.6  711.3
  480  0.80 |  519.7  739.9  755.5  778.1  804.7  770.2  803.0
  960  0.80 |  522.5  700.4  700.8  797.6  761.3  785.7  811.5
 1440  0.80 |  522.9  760.5  767.9  798.3  785.1  810.7  804.3
 2880  0.80 |  521.3  730.7  766.1  801.4  821.9  794.5  793.6
  960  0.50 |  521.3  757.7  764.1  797.0  815.3  810.7  817.3
  960  0.55 |  521.8  753.1  759.5  796.6  815.3  810.3  816.9
  960  0.60 |  521.7  749.1  755.2  719.5  815.1  811.2  817.0
  960  0.70 |  522.2  757.3  761.3  796.8  741.7  792.1  816.9
  960  0.90 |  521.9  757.3  761.3  797.0  815.2  776.6  817.0

--- DECODE (MB/s) ---
 size  pmaj |   x2y1   x2y2   x2y4    x4y1   x4y2   x4y4    x6y1   x6y2   x6y4    x8y1   x8y2   x8y4   x10y1  x10y2  x10y4   x12y1  x12y2  x12y4   x16y1  x16y2  x16y4
-----  -----+---------------------------------------------------------------------------------------------------------------------------------------------------------
   48  0.80 |  618.9  606.0  617.6   932.5  946.1  977.3   993.7  977.6  993.2  1027.0 1050.3 1018.9     -      -      -     895.8  939.6 1056.1   872.5  881.0  711.7
   96  0.80 |  558.8  549.3  563.6   908.0  943.5  962.0   947.7 1028.9 1066.7  1178.0 1179.8 1240.6     -      -      -    1199.9 1275.9 1266.3  1122.7 1192.4 1046.8
  240  0.80 |  560.8  534.4  536.9   951.4  938.2  961.7  1069.8 1126.3 1135.8  1248.5 1334.5 1307.0  1350.6 1428.0 1491.7  1231.1 1373.6 1431.3  1296.0 1368.7 1261.3
  480  0.80 |  555.8  529.0  527.2   960.2  945.9  954.6  1099.3 1121.3 1129.4  1322.8 1377.0 1340.1  1448.5 1487.9 1531.1  1378.3 1416.3 1496.6  1363.6 1465.2 1406.4
  960  0.80 |  553.1  524.6  521.7   965.5  953.9  949.7  1128.4 1151.4 1158.5  1363.3 1385.4 1367.5  1513.4 1516.4 1556.1  1438.8 1465.1 1510.3  1440.5 1482.8 1512.9
 1440  0.80 |  555.6  523.3  519.7   962.8  952.3  950.9  1139.2 1153.5 1162.5  1373.7 1396.4 1365.7  1534.8 1539.0 1549.7  1462.8 1494.5 1534.1  1441.1 1512.4 1500.9
 2880  0.80 |  553.1  522.0  518.6   968.1  952.2  953.7  1146.7 1177.2 1168.2  1391.4 1412.3 1386.5  1558.6 1535.9 1573.7  1481.5 1514.2 1550.3  1455.8 1528.9 1552.5
  960  0.50 |  556.6  522.9  519.4   980.8  956.9  961.8  1132.4 1162.2 1157.8  1379.4 1407.6 1385.3  1524.9 1517.8 1542.2  1447.5 1484.2 1514.9  1419.0 1493.1 1512.9
  960  0.55 |  552.4  522.4  518.3   970.9  955.1  961.5  1132.9 1163.3 1158.3  1379.8 1409.1 1384.6  1526.1 1518.9 1544.7  1446.8 1491.9 1521.3  1413.8 1497.3 1507.5
  960  0.60 |  553.5  523.3  519.7   960.0  945.8  949.7  1092.6 1144.6 1147.9  1362.8 1390.0 1366.1  1524.5 1513.2 1541.4  1447.7 1484.5 1510.7  1421.7 1488.4 1512.4
  960  0.70 |  550.6  523.9  520.2   963.8  949.4  948.4  1130.5 1160.6 1154.7  1358.4 1381.4 1356.6  1525.4 1532.3 1542.8  1447.2 1481.3 1503.3  1398.7 1481.3 1503.6
  960  0.90 |  558.1  525.0  521.5   967.7  952.4  954.8  1134.4 1146.0 1158.4  1359.6 1386.6 1379.6  1521.7 1499.8 1560.6  1419.8 1465.5 1511.7  1410.4 1484.9 1515.7
