FSE x[2,4,6,8,10,12,16] × y[1,2,4] microbench, min of 5 batches × 1000 iters/batch per cell
(numbers are MB/s; higher = faster.  x2y2 = FSE's shipping decode shape.)
size = source-byte count.  pmaj = P(bit = 0) = major-symbol probability (each bit drawn IID).
high pmaj = more zeros = skewed bitmap = tighter FSE compression.

--- ENCODE (MB/s, varies only with x) ---
 size  pmaj |     x2     x4     x6     x8    x10    x12    x16
-----  -----+-------------------------------------------------
   48  0.80 |  727.3  923.1  979.6 1021.3    -   1021.3  941.2
   96  0.80 |  744.2  941.2 1129.4 1142.9    -   1156.6 1156.6
  240  0.80 |  789.5 1016.9 1250.0 1318.7 1363.6 1355.9 1333.3
  480  0.80 |  834.8 1073.8 1340.8 1355.9 1428.6 1415.9 1395.3
  960  0.80 |  819.8 1058.4 1348.3 1361.7 1448.0 1432.8 1432.8
 1440  0.80 |  818.6 1042.7 1391.3 1363.6 1453.1 1442.9 1441.4
 2880  0.80 |  819.1 1510.2 1387.3 1413.8 1467.9 1438.6 1448.0
  960  0.50 |  824.7 1057.3 1385.3 1420.1 1456.8 1459.0 1459.0
  960  0.55 |  920.4 1137.4 1516.6 1452.3 1597.3 1483.8 1461.2
  960  0.60 |  819.8 1418.0 1346.4 1459.0 1538.5 1432.8 1428.6
  960  0.70 |  908.2 1088.4 1548.4 1526.2 1479.2 1540.9 1432.8
  960  0.90 |  818.4 1058.4 1391.3 1415.9 1452.3 1437.1 1432.8

--- DECODE (MB/s) ---
 size  pmaj |   x2y1   x2y2   x2y4    x4y1   x4y2   x4y4    x6y1   x6y2   x6y4    x8y1   x8y2   x8y4   x10y1  x10y2  x10y4   x12y1  x12y2  x12y4   x16y1  x16y2  x16y4
-----  -----+---------------------------------------------------------------------------------------------------------------------------------------------------------
   48  0.80 |  750.0  738.5  761.9  1170.7 1200.0 1230.8  1333.3 1333.3 1263.2  1371.4 1371.4 1297.3     -      -      -    1116.3 1021.3 1263.2   960.0 1043.5  842.1
   96  0.80 |  768.0  761.9  768.0  1280.0 1263.2 1280.0  1454.5 1454.5 1432.8  1627.1 1627.1 1627.1     -      -      -    1454.5 1371.4 1476.9  1215.2 1573.8 1371.4
  240  0.80 |  781.8  800.0  797.3  1379.3 1379.3 1403.5  1702.1 1643.8 1678.3  2000.0 1951.2 1904.8  1804.5 1818.2 2087.0  1818.2 1610.7 1690.1  1445.8 1920.0 1643.8
  480  0.80 |  834.8  879.1  877.5  1450.2 1454.5 1415.9  1720.4 1696.1 1696.1  2016.8 1951.2 1951.2  1825.1 1825.1 2191.8  1875.0 1655.2 1708.2  1553.4 2171.9 1927.7
  960  0.80 |  838.4  866.4  862.5  1443.6 1415.9 1441.4  1723.5 1699.1 1717.4  2073.4 1995.8 1991.7  1853.3 1959.2 2335.8  1987.6 1748.6 1745.5  1592.0 2243.0 1979.4
 1440  0.80 |  860.2  874.8  870.6  1489.1 1453.1 1441.4  1756.1 1732.9 1722.5  2099.1 1961.9 2000.0  1865.3 1917.4 2271.3  2000.0 1754.0 1749.7  1610.7 2274.9 2008.4
 2880  0.80 |  828.1  854.3  856.9  1444.3 1512.6 1483.8  1761.5 1733.9 1706.2  2105.3 1990.3 2149.3  2001.4 2014.0 2307.7  2031.0 1772.3 1760.4  1641.0 2283.9 2060.1
  960  0.50 | 1022.4 1130.7 1232.3  1920.0 2008.4 1908.5  2077.9 1943.3 1923.8  2637.4 2430.4 2370.4  2467.9 2123.9 2274.9  2042.6 1791.0 1935.5  1705.2 2313.3 2082.4
  960  0.55 | 1056.1 1198.5 1216.7  1991.7 2100.7 1904.8  2004.2 1912.4 1889.8  2324.5 2269.5 2335.8  2430.4 2021.1 2264.2  2222.2 1967.2 1842.6  1643.8 2296.7 2091.5
  960  0.60 |  845.1  855.6  861.8  1479.2 1452.3 1445.8  1901.0 1828.6 1711.2  2307.7 2222.2 2186.8  1920.0 1963.2 2269.5  1979.4 1732.9 1897.2  1635.4 2243.0 2021.1
  960  0.70 |  844.3  875.1  856.4  1500.0 1523.8 1533.5  1839.1 1818.2 1886.1  2157.3 1995.8 2008.4  1897.2 1963.2 2274.9  1975.3 1739.1 1739.1  1581.5 2227.4 2033.9
  960  0.90 |  825.5  850.3  849.6  1450.2 1445.8 1377.3  1748.6 1714.3 1696.1  2060.1 2012.6 2000.0  1860.5 1916.2 2253.5  1963.2 1723.5 1736.0  1584.2 2243.0 2201.8
