FSE x[2,4,6,8,10,12,16] × y[1,2,4] microbench, min of 5 batches × 1000 iters/batch per cell
(numbers are MB/s; higher = faster.  x2y2 = FSE's shipping decode shape.)
size = source-byte count.  pmaj = P(bit = 0) = major-symbol probability (each bit drawn IID).
high pmaj = more zeros = skewed bitmap = tighter FSE compression.

--- ENCODE (MB/s, varies only with x) ---
 size  pmaj |     x2     x4     x6     x8    x10    x12    x16
-----  -----+-------------------------------------------------
   48  0.80 |  395.4  580.3  567.2  567.4    -    539.8  517.4
   96  0.80 |  400.7  611.9  600.0  612.1    -    597.3  585.3
  240  0.80 |  403.3  632.9  621.7  639.1  648.9  634.6  631.3
  480  0.80 |  404.4  638.6  629.3  650.0  661.2  649.4  648.9
  960  0.80 |  405.7  642.5  633.7  656.6  666.7  655.0  656.8
 1440  0.80 |  405.1  643.3  636.0  658.8  668.3  658.2  660.3
 2880  0.80 |  405.2  642.8  636.1  658.5  670.9  660.7  662.4
  960  0.50 |  406.4  646.1  636.1  658.1  666.9  656.3  656.2
  960  0.55 |  405.5  646.6  636.4  659.0  668.2  658.2  658.3
  960  0.60 |  405.4  642.8  634.7  657.4  665.7  656.0  655.4
  960  0.70 |  405.7  642.7  634.5  656.2  665.3  654.8  656.8
  960  0.90 |  406.3  643.3  635.1  656.4  669.1  657.0  658.3

--- DECODE (MB/s) ---
 size  pmaj |   x2y1   x2y2   x2y4    x4y1   x4y2   x4y4    x6y1   x6y2   x6y4    x8y1   x8y2   x8y4   x10y1  x10y2  x10y4   x12y1  x12y2  x12y4   x16y1  x16y2  x16y4
-----  -----+---------------------------------------------------------------------------------------------------------------------------------------------------------
   48  0.80 |  529.0  562.3  580.5   765.4  781.7  816.2   856.8  862.7  940.5   861.5  876.0  875.2     -      -      -     637.3  617.6  810.4   537.8  650.2  513.7
   96  0.80 |  536.8  585.8  599.1   830.4  851.6  880.9   962.6  996.7 1049.1  1017.6 1031.9 1120.5     -      -      -     826.9  771.4  886.9   640.7  853.5  743.2
  240  0.80 |  544.1  595.3  604.7   860.2  887.6  908.9  1034.4 1088.6 1120.0  1157.3 1185.4 1199.8  1175.9 1079.8 1044.2   900.3  802.5  980.9   746.2  933.0  864.4
  480  0.80 |  542.7  593.6  605.3   882.4  902.6  918.2  1063.0 1122.1 1139.4  1212.0 1188.6 1214.7  1207.8 1107.3 1056.2   921.2  862.4 1018.8   786.6 1026.5  961.4
  960  0.80 |  538.6  593.9  603.8   889.5  907.8  926.1  1087.1 1139.3 1164.3  1225.4 1209.5 1225.6  1237.9 1131.8 1065.8   953.2  904.4 1044.3   816.2 1053.8 1031.2
 1440  0.80 |  542.8  595.2  605.0   893.6  912.0  930.5  1092.9 1145.3 1165.9  1244.6 1221.6 1240.5  1264.7 1149.8 1069.7   963.1  919.4 1051.1   825.0 1062.4 1026.3
 2880  0.80 |  544.1  595.3  605.4   896.3  914.8  932.9  1100.5 1153.1 1174.0  1256.2 1226.6 1243.8  1271.3 1149.0 1073.4   972.7  925.7 1060.3   832.2 1070.2 1044.0
  960  0.50 |  543.9  594.0  605.2   897.1  913.5  935.2  1087.5 1137.2 1160.5  1243.7 1226.8 1235.8  1255.3 1151.3 1071.7   954.9  912.9 1044.6   818.1 1056.1 1031.3
  960  0.55 |  544.2  593.5  604.8   894.9  911.6  933.0  1083.6 1131.5 1155.5  1242.9 1224.4 1235.1  1254.2 1147.2 1061.0   955.5  912.7 1045.8   818.3 1056.3 1031.3
  960  0.60 |  540.4  597.1  606.6   890.4  906.7  927.3  1085.3 1134.7 1162.9  1229.0 1216.2 1229.1  1255.5 1150.7 1064.9   954.2  911.6 1046.2   816.3 1053.7 1031.2
  960  0.70 |  543.7  594.9  605.6   889.3  908.3  927.0  1084.2 1131.6 1156.8  1229.1 1210.4 1231.2  1255.0 1146.7 1064.8   954.6  911.7 1041.9   815.9 1053.1 1029.8
  960  0.90 |  540.9  594.2  603.7   883.2  906.4  923.0  1087.0 1131.8 1153.2  1231.5 1213.3 1231.5  1242.7 1133.0 1066.5   950.3  901.2 1044.5   816.2 1052.6 1027.6
