FSE x[2,4,6,8,10,12,16] × y[1,2,4] microbench, min of 5 batches × 1000 iters/batch per cell
(numbers are MB/s; higher = faster.  x2y2 = FSE's shipping decode shape.)
size = source-byte count.  pmaj = P(bit = 0) = major-symbol probability (each bit drawn IID).
high pmaj = more zeros = skewed bitmap = tighter FSE compression.

--- ENCODE (MB/s, varies only with x for FSE; huff0 = ref) ---
 size  pmaj |     x2     x4     x6     x8    x10    x12    x16   hufC1  hufC4
-----  -----+----------------------------------------------------------------
   48  0.80 |  528.6  727.7  735.1  762.8    -    760.3  737.8     -      -  
   96  0.80 |  533.5  746.6  757.0  792.7    -    828.9  823.5     -      -  
  240  0.80 |  547.1  786.8  809.2  852.5  866.3  861.2  860.5  2492.2 2249.7
  480  0.80 |  542.6  796.5  811.5  865.1  882.4  873.7  876.0  2414.7 2370.9
  960  0.80 |  550.0  809.8  830.3  878.3  897.9  899.9  902.6  2528.0 2482.6
 1440  0.80 |  551.1  811.2  830.2  880.2  901.3  898.7  899.5  2557.1 2520.3
 2880  0.80 |  552.8  814.3  834.5  885.4  905.8  903.7  911.7  2583.9 2521.5
  960  0.50 |  549.8  811.4  832.4  881.7  897.6  895.8  899.8     -      -  
  960  0.55 |  552.1  812.1  830.8  881.8  897.3  896.0  900.1     -      -  
  960  0.60 |  550.4  807.9  830.4  878.8  900.4  896.8  903.9     -      -  
  960  0.70 |  549.7  809.8  830.9  878.2  898.3  894.9  905.2  2517.2 2480.2
  960  0.90 |  545.9  802.9  822.7  874.4  894.4  893.9  896.1  2422.4 2408.0

--- DECODE (MB/s; huff0 = ref) ---
 size  pmaj |   x2y1   x2y2   x2y4    x4y1   x4y2   x4y4    x6y1   x6y2   x6y4    x8y1   x8y2   x8y4   x10y1  x10y2  x10y4   x12y1  x12y2  x12y4   x16y1  x16y2  x16y4  huf1X1 huf4X1 huf4X2
-----  -----+--------------------------------------------------------------------------------------------------------------------------------------------------------------------------------
   48  0.80 |  963.9  947.3  975.6  1335.6 1352.5 1417.6  1243.6 1229.5 1381.3  1193.1 1216.1 1200.3     -      -      -    1034.5 1037.8 1202.4  1015.4 1017.2  828.4     -      -      -  
   96  0.80 |  992.7 1003.8 1022.0  1468.6 1458.1 1514.4  1406.2 1443.6 1530.6  1461.9 1493.2 1617.3     -      -      -    1374.4 1417.0 1400.6  1264.3 1380.1 1195.4     -      -      -  
  240  0.80 | 1019.8 1044.8 1050.0  1610.8 1621.4 1617.4  1555.6 1639.7 1661.4  1735.4 1779.0 1775.4  1654.3 1656.3 1787.9  1515.9 1506.2 1547.0  1497.8 1547.1 1429.9   489.1 1440.8 2499.0
  480  0.80 | 1007.3 1049.8 1046.4  1669.1 1623.8 1599.3  1589.0 1659.8 1688.4  1811.5 1838.2 1875.0  1694.3 1708.1 1828.7  1566.1 1532.8 1588.6  1559.4 1641.9 1603.2   479.3 1602.0 2405.7
  960  0.80 | 1026.2 1051.0 1051.8  1678.3 1667.9 1632.8  1632.4 1731.7 1741.3  1873.0 1919.1 1943.6  1768.5 1779.0 1896.8  1647.8 1624.2 1665.0  1635.0 1707.1 1719.9   474.9 1577.0 2383.6
 1440  0.80 | 1024.3 1052.7 1047.1  1696.3 1681.1 1662.6  1643.5 1754.3 1750.0  1902.8 1925.3 1954.0  1795.0 1793.3 1910.7  1660.5 1659.0 1667.1  1644.8 1720.9 1710.7   472.9 1685.4 2656.7
 2880  0.80 | 1027.9 1050.1 1048.2  1701.2 1692.0 1664.3  1655.8 1776.3 1769.1  1922.3 1951.0 1967.3  1807.2 1819.0 1927.1  1687.0 1682.6 1693.5  1671.8 1743.8 1754.6   471.6 1758.5 2597.1
  960  0.50 | 1024.1 1042.0 1039.0  1692.4 1685.1 1656.0  1630.9 1736.2 1743.5  1908.0 1917.1 1951.5  1786.0 1788.6 1868.9  1650.3 1649.7 1667.4  1640.7 1718.6 1727.6     -      -      -  
  960  0.55 | 1023.3 1038.6 1036.3  1699.1 1686.1 1667.6  1630.5 1739.8 1743.8  1917.0 1925.5 1958.2  1784.9 1790.9 1876.5  1657.3 1653.8 1672.9  1639.0 1714.6 1723.7     -      -      -  
  960  0.60 | 1017.8 1039.9 1039.9  1677.0 1663.7 1636.9  1622.3 1729.2 1734.9  1891.6 1901.3 1931.0  1782.0 1781.9 1868.3  1643.5 1635.0 1652.3  1634.9 1715.3 1720.6     -      -      -  
  960  0.70 | 1021.3 1040.4 1043.7  1671.4 1664.9 1643.8  1624.2 1728.2 1739.5  1881.3 1906.4 1934.2  1788.5 1791.6 1873.0  1644.2 1650.3 1663.8  1636.1 1707.2 1715.2   474.0 1684.6 1812.4
  960  0.90 | 1022.4 1050.0 1046.7  1681.7 1671.9 1636.0  1623.4 1719.5 1720.9  1867.3 1909.8 1932.3  1775.4 1771.0 1874.4  1650.1 1625.9 1657.4  1629.6 1707.3 1712.6   475.1 1546.5 3082.0
