FSE x[2,4,6,8,10,12,16] × y[1,2,4] microbench, min of 5 batches × 1000 iters/batch per cell
(numbers are MB/s; higher = faster.  x2y2 = FSE's shipping decode shape.)
size = source-byte count.  pmaj = P(bit = 0) = major-symbol probability (each bit drawn IID).
high pmaj = more zeros = skewed bitmap = tighter FSE compression.

--- ENCODE (MB/s, varies only with x) ---
 size  pmaj |     x2     x4     x6     x8    x10    x12    x16
-----  -----+-------------------------------------------------
   48  0.80 |  522.9  732.4  736.2  764.3    -    758.9  737.0
   96  0.80 |  527.1  749.3  753.4  793.8    -    822.9  818.0
  240  0.80 |  545.1  788.1  802.2  828.6  810.0  860.3  854.8
  480  0.80 |  550.4  801.3  819.8  841.5  820.2  880.7  877.9
  960  0.80 |  552.2  807.5  828.2  859.1  825.5  888.6  884.3
 1440  0.80 |  553.0  813.4  830.9  869.9  827.6  891.5  890.9
 2880  0.80 |  552.5  815.3  826.9  879.1  828.9  892.9  889.7
  960  0.50 |  552.5  815.7  826.0  885.6  824.6  888.6  886.8
  960  0.55 |  553.4  809.8  826.9  885.4  824.9  889.1  886.5
  960  0.60 |  552.1  808.0  826.5  883.1  824.8  888.8  886.8
  960  0.70 |  551.5  811.3  826.5  883.8  824.6  889.0  886.8
  960  0.90 |  552.0  816.1  829.9  886.2  822.5  887.7  887.5

--- DECODE (MB/s) ---
 size  pmaj |   x2y1   x2y2   x2y4    x4y1   x4y2   x4y4    x6y1   x6y2   x6y4    x8y1   x8y2   x8y4   x10y1  x10y2  x10y4   x12y1  x12y2  x12y4   x16y1  x16y2  x16y4
-----  -----+---------------------------------------------------------------------------------------------------------------------------------------------------------
   48  0.80 |  965.2  948.1  976.0  1232.7 1271.9 1346.0  1228.6 1213.7 1354.0  1196.4 1206.9 1190.2     -      -      -     992.6 1000.4 1128.3  1015.4 1006.3  826.2
   96  0.80 | 1002.4 1012.2 1029.4  1462.3 1484.9 1510.9  1414.3 1454.1 1535.0  1459.0 1477.8 1609.7     -      -      -    1358.6 1397.6 1393.5  1271.9 1384.1 1194.2
  240  0.80 |  989.0 1041.4 1039.6  1605.9 1617.0 1607.5  1545.2 1614.0 1678.2  1735.7 1770.4 1773.3  1658.4 1657.8 1788.0  1518.5 1504.8 1537.2  1502.0 1555.6 1430.1
  480  0.80 |  998.2 1031.6 1036.9  1643.6 1573.6 1568.6  1593.6 1656.5 1654.3  1799.6 1831.1 1865.9  1637.2 1700.5 1829.6  1592.6 1578.3 1601.5  1523.6 1634.6 1599.2
  960  0.80 | 1014.8 1041.3 1047.0  1671.2 1631.6 1627.7  1629.1 1736.7 1718.7  1892.3 1911.7 1941.8  1735.5 1776.3 1900.1  1645.6 1641.4 1662.5  1608.3 1704.3 1686.7
 1440  0.80 | 1017.9 1044.8 1046.5  1684.4 1653.0 1654.7  1645.9 1761.4 1749.5  1908.1 1934.1 1959.8  1781.2 1805.3 1909.5  1677.3 1662.4 1674.2  1642.3 1732.6 1721.2
 2880  0.80 | 1022.7 1047.2 1048.0  1695.2 1674.7 1657.8  1647.1 1765.1 1743.0  1905.7 1928.8 1943.4  1769.9 1795.3 1907.3  1662.8 1650.2 1665.5  1639.5 1720.5 1722.4
  960  0.50 | 1021.2 1035.2 1041.3  1678.3 1657.4 1640.5  1612.6 1733.5 1723.3  1915.2 1938.6 1951.2  1763.1 1790.8 1897.4  1661.1 1640.5 1665.5  1615.2 1710.3 1696.1
  960  0.55 | 1016.3 1034.7 1038.7  1687.2 1662.6 1650.1  1625.9 1742.4 1731.1  1921.8 1949.7 1957.4  1765.5 1795.2 1900.8  1670.1 1649.3 1665.8  1619.3 1717.5 1702.1
  960  0.60 | 1012.8 1043.3 1042.7  1676.1 1655.4 1639.0  1630.9 1727.6 1718.8  1884.9 1899.1 1928.7  1752.7 1789.7 1892.0  1655.9 1634.4 1639.3  1616.6 1711.8 1692.0
  960  0.70 | 1015.1 1041.4 1047.0  1680.0 1657.9 1651.3  1626.5 1732.1 1716.2  1878.4 1907.1 1936.8  1758.1 1788.6 1891.7  1656.3 1634.7 1650.1  1617.7 1710.8 1692.9
  960  0.90 | 1014.1 1041.1 1041.4  1664.0 1645.3 1634.9  1632.2 1718.5 1690.8  1862.2 1910.3 1934.9  1755.2 1778.6 1902.1  1649.3 1641.6 1660.0  1622.6 1715.0 1699.7
