FSE x[2,4,6,8,10,12,16] × y[1,2,4] microbench, min of 5 batches × 1000 iters/batch per cell
(numbers are MB/s; higher = faster.  x2y2 = FSE's shipping decode shape.)
size = source-byte count.  pmaj = P(bit = 0) = major-symbol probability (each bit drawn IID).
high pmaj = more zeros = skewed bitmap = tighter FSE compression.

--- ENCODE (MB/s, varies only with x for FSE; huff0 = ref) ---
 size  pmaj |     x2     x4     x6     x8    x10    x12    x16   hufC1  hufC4
-----  -----+----------------------------------------------------------------
   48  0.80 |  387.2  509.2  457.2  483.8    -    479.0  461.1     -      -  
   96  0.80 |  435.2  505.2  475.9  520.0    -    516.1  511.7     -      -  
  240  0.80 |  481.8  531.2  499.8  532.0  533.6  531.9  527.0  1604.8 1419.9
  480  0.80 |  495.4  543.6  503.8  544.3  539.3  543.4  534.4  1648.5 1526.1
  960  0.80 |  506.5  559.6  510.2  545.0  542.4  541.6  539.0  1668.9 1611.6
 1440  0.80 |  507.4  557.0  510.1  545.3  541.7  544.1  539.9  1695.7 1638.7
 2880  0.80 |  506.9  557.3  515.8  546.4  543.4  544.9  540.1  1698.4 1664.7
  960  0.50 |  507.4  559.7  506.6  548.1  541.9  546.8  534.8     -      -  
  960  0.55 |  505.0  561.4  507.2  548.1  543.0  545.4  536.5     -      -  
  960  0.60 |  505.5  557.3  504.4  546.7  542.8  544.5  538.3     -      -  
  960  0.70 |  501.4  553.6  506.8  545.6  541.3  545.6  536.5  1679.5 1615.5
  960  0.90 |  503.1  553.0  506.2  546.8  540.3  543.4  537.3  1704.6 1628.0

--- DECODE (MB/s; huff0 = ref) ---
 size  pmaj |   x2y1   x2y2   x2y4    x4y1   x4y2   x4y4    x6y1   x6y2   x6y4    x8y1   x8y2   x8y4   x10y1  x10y2  x10y4   x12y1  x12y2  x12y4   x16y1  x16y2  x16y4  huf1X1 huf4X1 huf4X2
-----  -----+--------------------------------------------------------------------------------------------------------------------------------------------------------------------------------
   48  0.80 |  623.0  626.3  662.1   902.1  910.1  894.7   769.1  715.6  712.9   748.8  660.4  652.0     -      -      -     515.4  501.6  624.6   493.3  533.6  464.6     -      -      -  
   96  0.80 |  645.6  660.3  673.8   997.9 1007.1  958.4   877.3  772.5  771.9   896.6  758.3  718.2     -      -      -     604.4  624.9  685.5   569.7  648.2  609.1     -      -      -  
  240  0.80 |  661.9  703.8  698.2  1095.1 1102.0 1021.4   964.7  827.4  791.1  1023.7  821.1  748.7   890.2  747.8  789.9   645.9  653.8  716.7   625.9  683.6  643.1   381.6  858.4 1238.3
  480  0.80 |  656.9  684.2  694.4  1143.8 1112.9 1029.8   977.1  830.6  797.5  1043.9  826.2  759.7   929.2  770.9  794.5   664.2  670.4  724.3   648.7  694.1  691.7   376.6  989.8 1201.3
  960  0.80 |  658.3  690.4  690.9  1174.3 1147.3 1037.1   993.6  844.3  809.4  1082.4  845.4  765.8   956.3  785.9  807.4   674.7  690.9  727.2   656.2  700.0  717.3   365.4 1020.5 1262.5
 1440  0.80 |  660.6  689.6  690.4  1186.2 1139.5 1039.2  1000.3  841.3  811.6  1085.5  852.0  766.8   968.1  792.7  810.7   679.3  695.7  729.2   661.3  702.2  711.7   369.3 1083.5 1339.2
 2880  0.80 |  661.0  688.5  686.2  1181.9 1151.2 1044.0  1013.9  844.1  806.8  1094.5  848.1  766.9   970.1  791.5  811.0   681.0  699.5  728.8   664.9  703.4  717.6   368.4 1104.3 1298.5
  960  0.50 |  658.9  682.4  682.2  1171.3 1137.9 1038.0   991.3  842.8  807.5  1075.5  846.6  763.5   958.0  788.3  803.7   675.4  692.9  722.6   656.1  699.9  712.5     -      -      -  
  960  0.55 |  662.7  682.7  685.4  1176.0 1140.2 1039.0  1013.0  844.9  799.3  1079.0  852.0  764.7   960.3  788.4  807.9   674.7  694.1  723.8   656.2  700.4  710.6     -      -      -  
  960  0.60 |  663.0  697.3  685.4  1177.4 1140.6 1033.2  1010.6  841.8  804.7  1088.5  849.6  765.8   962.9  790.9  809.0   676.3  693.1  728.4   657.6  700.4  715.6     -      -      -  
  960  0.70 |  659.0  692.0  686.2  1173.4 1135.5 1046.6   997.4  835.1  803.1  1080.2  847.4  764.9   955.0  790.6  808.2   676.0  694.1  727.2   657.3  700.0  716.1   368.0 1091.3  934.3
  960  0.90 |  660.7  686.0  687.1  1171.0 1141.3 1039.5   990.0  841.9  805.0  1081.3  842.6  766.6   956.5  783.5  809.2   675.5  691.7  727.9   657.7  700.4  715.4   369.4  981.4 1524.9
