=== PIVCO-Huffman Benchmarks (PIVCO_MAX_CODE_LEN=11) ===
Sequence: 4M, Repeats: 100 (400M/run), Block: 8192, Runs: 5 (drop 2)
Distribution set: ALL (29 distributions)

DECODE M/s    | pivco_s pivco_n pivco_bu | trad_1s trad_4s | huf0_1s huf0_x1 huf0_x2 | rans_x2 |   ratio
--------------|-------------------------|-----------------|----------------------------|---------|--------
proba80       |     713   15474   15339       0 |     528    1605 |     368    1360    2617 |     321 |  5.91x
proba50       |     203    9235    9151       0 |     487    1466 |     364    1344    2550 |     270 |  3.62x
proba14       |     397    5208    5204       0 |     422    1461 |     364    1338    2482 |     274 |  2.10x
proba02       |     543    4538    4516       0 |     400    1464 |     362    1315    1472 |     272 |  3.08x
bell_s10      |     768    6388    6398       0 |     398    1457 |     361    1314    2261 |     279 |  2.83x
bell_s30      |     529    4312    4329       0 |     397    1472 |     362    1326    1402 |     278 |  2.94x
bell_s80      |     804    4302    4335       0 |     428    1567 |       0       0       0 |     333 |  2.77x
uniform       |    2366    4997    5017       0 |    1559    1577 |       0       0       0 |     390 |  3.18x
english       |     687    6148    6142       0 |     421    1508 |     354    1314    2414 |     283 |  2.55x
zipfian       |     400    4124    4159       0 |     375    1508 |     355    1305    1763 |     230 |  2.36x
sparse_4      |    2343   47042   47619       0 |    2538    1575 |    1047    3408    5034 |     422 |  9.46x
sparse_16     |    2329   47350   46162       0 |    2047    1579 |    1048    3120    4435 |     408 | 10.68x
geometric     |     212    7355    7360       0 |     442    1453 |     353    1310    2500 |     265 |  2.94x
two_sym_eq    |    2906   24904   24863       0 |    2821    1583 |     770    3411    5168 |     427 |  4.82x
two_sym_90/10 |    2887   24672   24860       0 |    2815    1580 |     768    3397    4938 |     346 |  5.03x
flat_M3       |    2190   21280   21478       0 |    2304    1577 |     775    3402    5244 |     414 |  4.10x
flat_M5       |    2011   23886   24006       0 |    1877    1572 |     915    3407    5005 |     403 |  4.80x
flat_M6       |    2078   19872   19963       0 |    1743    1563 |    1103    3338    4363 |     398 |  4.58x
flat_M7       |    1935    4873    4829       0 |    1626    1562 |     775    3420    2673 |     390 |  1.43x
html_wiki     |     473    4296    4316       0 |     391    1453 |     350    1304    2110 |     248 |  2.05x
prose_pride   |     454    4709    4713       0 |     400    1458 |     349    1299    2312 |     257 |  2.04x
image_jpeg    |     701    4084    4092       0 |     416    1509 |     352    1302    1278 |     323 |  2.71x
json_api      |     377    4243    4267       0 |     399    1451 |     340    1290    2199 |     240 |  1.94x
source_c      |     347    4698    4664       0 |     387    1472 |     342    1305    2158 |     226 |  2.18x
log_apache    |     493    4475    4490       0 |     404    1457 |     345    1305    2135 |     252 |  2.10x
dna_fasta     |     486    8290    8323       0 |     476    1515 |     342    1320    2558 |     357 |  3.25x
csv_numeric   |     508    6312    6359       0 |     418    1461 |     344    1305    2459 |     237 |  2.59x
gzip_random   |    2328    4972    4931       0 |    1534    1559 |       0       0       0 |     351 |  3.19x
chinese_text  |     453    4857    4826       0 |     393    1452 |     346    1311    1945 |     254 |  2.50x
calgary_pic   |     906   11180   11274       0 |     475    1460 |     346    1292    2369 |     293 |  4.76x

=== Compression sizes (bytes for 4M input) ===
DIST          |  Dmax  Lvs  Ful  Flt  Hal  B2L |  vIN  vLv |  pivco_raw   +hdr_est |    trad_4s    huf0_1s    huf0_x2    rans_x2
--------------|-----------------------------|-----------|----------------------|-----------------------------------------------
proba80       |     5    6    3    0    1    1 |    5    6 |     662955     668651 |     663499     655561     655802     473736
proba50       |    11   12    9    0    1    1 |   11   12 |    1066033    1077873 |    1056052    1048201    1048445    1047965
proba14       |    11   48   18    8    1   20 |   15    8 |    2232905    2244233 |    2214224    2206777    2207023    2191472
proba02       |    11  255  113   14    1  126 |   20    7 |    3761927    3774919 |    3735384    3729433    3729686    3714062
bell_s10      |    11  256  120    8    1  126 |   11    4 |    3019471    3026703 |    3008884    2863870    2864118    2823642
bell_s30      |    11  256  116   12    1  126 |   15    4 |    3744283    3753307 |    3725109    3686052    3686295    3646349
bell_s80      |     9  256  123    4    1  127 |    3    0 |    4177868    4179212 |    4180029          0          0    4149253
uniform       |     8  256  126    1    1  127 |    0    0 |    4194304    4194304 |    4201472          0          0    4194312
english       |    10   30   12    3    1   13 |   12   10 |    2244586    2255722 |    2235169    2227841    2228088    2215515
zipfian       |    10  256  118    9    1  127 |   16    8 |    3305239    3317015 |    3286667    3280325    3280574    3259441
sparse_4      |     2    4    0    1    1    1 |    0    0 |    1048576    1048576 |    1055744    1048704    1048992    1048584
sparse_16     |     4   16    6    1    1    7 |    0    0 |    2097152    2097152 |    2104320    2097472    2097760    2097160
geometric     |    11  256  122    6    1  126 |    9    4 |    1392739    1399075 |    1385006    1051741    1051987    1057994
two_sym_eq    |     1    2    0    0    1    0 |    1    2 |     524800     526400 |     531456     524384     524672     524296
two_sym_90/10 |     1    2    0    0    1    0 |    1    2 |     524800     526400 |     531456     524384     524672     245846
flat_M3       |     3    8    2    1    1    3 |    0    0 |    1572864    1572864 |    1580032    1573056    1573344    1572872
flat_M5       |     5   32   14    1    1   15 |    0    0 |    2621440    2621440 |    2628608    2622016    2622304    2621448
flat_M6       |     6   64   30    1    1   31 |    0    0 |    3145728    3145728 |    3152896    3146816    3147104    3145736
flat_M7       |     7  128   62    1    1   63 |    0    0 |    3670016    3670016 |    3677184    3672128    3672416    3670024
html_wiki     |    11  197   90    9    1   96 |   21   13 |    2986711    3003607 |    2961212    2910766    2911016    2870339
prose_pride   |    11   96   46    4    1   44 |   19   16 |    2442629    2460357 |    2422522    2403707    2403956    2375005
image_jpeg    |    10  256  121    6    1  127 |    9    4 |    4166845    4173181 |    4159142    4152083    4152331    4135145
json_api      |    11   98   40    9    1   47 |   22   14 |    2781025    2798945 |    2754549    2744739    2744990    2724794
source_c      |    11   97   39   10    1   46 |   22   13 |    2649784    2667128 |    2622199    2613609    2613859    2599122
log_apache    |    11   85   35    9    1   39 |   21   13 |    2934765    2951661 |    2908981    2900952    2901203    2882117
dna_fasta     |    10   38   16    4    1   16 |    9    6 |    1198825    1206313 |    1195610    1188141    1188384    1090568
csv_numeric   |    11   54   23    5    1   24 |   18   14 |    1778605    1794733 |    1760015    1752132    1752380    1729751
gzip_random   |     8  256  126    1    1  127 |    0    0 |    4194304    4194304 |    4201472          0          0    4193336
chinese_text  |    11  151   70    7    1   72 |   17   11 |    3162258    3176210 |    3142664    3082517    3082761    3049381
calgary_pic   |    11  159   75    4    1   78 |   14   11 |     906967     919575 |     893815     875029     875271     634428
  Dmax=max Huffman code length; Lvs=# leaves; Ful/Flt/Hal/B2L=internal-node-type counts
  vIN/vLv = flat-aware VISIBLE internals/leaves (excludes nodes buried inside flat subtrees)
  +hdr_est = pivco_raw + (vIN*7 + vLv*9) * NBLOCKS/8 bits per-block table-encoding overhead
  Lower = better.  Original size = 4194304 bytes (4MB).

  5 runs of 400M symbols each (100x 4M), drop 2 slowest, warn if spread > 5%
  PIVCO/trad decode in 8192-symbol blocks
  huf0 uses 128KB chunks (its max block size)
  rANS decodes full 4M at once
  WARNING: CPU freq dropped 51.3% (throttling?)
  Total wall time: 681.5 seconds
