  WARNING: flat_M5/pivco_n spread 13.0% (2004..2302)
=== PIVCO-Huffman Benchmarks (PIVCO_MAX_CODE_LEN=11) ===
Sequence: 4M, Repeats: 100 (400M/run), Block: 4096, Runs: 5 (drop 2)
Distribution set: ALL (29 distributions)

DECODE M/s    | pivco_s pivco_n pivco_bu | trad_1s trad_4s | huf0_1s huf0_x1 huf0_x2 | rans_x2 |   ratio
--------------|-------------------------|-----------------|----------------------------|---------|--------
proba80       |     384    2683    2684       0 |     444     923 |     364    1079    1628 |     269 |  1.65x
proba50       |     130    4235    4236       0 |     410     803 |     364    1071    1580 |     230 |  2.68x
proba14       |     171    1622    1626       0 |     354     800 |     363    1081    1535 |     234 |  1.06x
proba02       |     227    1238    1241       0 |     337     800 |     362    1076     909 |     232 |  1.15x
bell_s10      |     329    2030    2027       0 |     337     800 |     362    1075    1398 |     240 |  1.45x
bell_s30      |     222    1334    1336       0 |     337     798 |     362    1068     861 |     236 |  1.25x
bell_s80      |     346    1503    1502       0 |     362     887 |       0       0       0 |     281 |  1.69x
uniform       |    1350    2966    2965       0 |     393     897 |       0       0       0 |     303 |  3.30x
english       |     232    1746    1751       0 |     358     858 |     363    1076    1547 |     244 |  1.13x
zipfian       |     176    1396    1398       0 |     319     857 |     362    1073    1096 |     196 |  1.27x
sparse_4      |    1357    2940    2938       0 |     465     929 |     364    1092    1635 |     330 |  1.80x
sparse_16     |    1355   25179   25229       0 |     435     925 |     363    1093    1622 |     319 | 15.56x
geometric     |     135    3025    3024       0 |     382     803 |     364    1077    1600 |     228 |  1.89x
two_sym_eq    |     285   37288   37222       0 |     483     927 |     364    1075    1614 |     336 | 23.11x
two_sym_90/10 |     705    4472    4490       0 |     484     926 |     364    1079    1628 |     300 |  2.76x
flat_M3       |    1205    2648    2647       0 |     450     926 |     364    1094    1630 |     325 |  1.62x
flat_M5       |    1133    2218    2303       0 |     425     921 |     364    1093    1570 |     316 |  1.47x
flat_M6       |    1106    2197    2197       0 |     411     918 |     364    1085    1483 |     312 |  1.48x
flat_M7       |    1042    2162    2163       0 |     400     911 |     364    1087     833 |     308 |  1.99x
html_wiki     |     201    1242    1242       0 |     333     797 |     362    1078    1321 |     214 |  0.94x
prose_pride   |     168    1559    1562       0 |     343     800 |     362    1068    1449 |     223 |  1.08x
image_jpeg    |     305    1408    1409       0 |     358     854 |     362    1068     811 |     277 |  1.32x
json_api      |     167    1311    1311       0 |     339     798 |     362    1077    1379 |     211 |  0.95x
source_c      |     170    1504    1505       0 |     331     797 |     363    1074    1355 |     196 |  1.11x
log_apache    |     205    1238    1238       0 |     344     799 |     363    1074    1319 |     218 |  0.94x
dna_fasta     |     191    3193    3190       0 |     421     861 |     363    1079    1600 |     309 |  2.00x
csv_numeric   |     191    2199    2201       0 |     363     800 |     363    1075    1537 |     205 |  1.43x
gzip_random   |    1352    2961    2962       0 |     393     899 |       0       0       0 |     305 |  3.30x
chinese_text  |     188    1500    1498       0 |     334     798 |     362    1069    1190 |     218 |  1.26x
calgary_pic   |     422    2134    2128       0 |     419     805 |     362    1070    1529 |     253 |  1.40x

=== Compression sizes (bytes for 4M input) ===
DIST          |  Dmax  Lvs  Ful  Flt  Hal  B2L |  vIN  vLv |  pivco_raw   +hdr_est |    trad_4s    huf0_1s    huf0_x2    rans_x2
--------------|-----------------------------|-----------|----------------------|-----------------------------------------------
proba80       |     5    6    3    0    1    1 |    5    6 |     504700     516092 |     671528     655561     655802     473736
proba50       |    11   12    9    0    1    1 |   11   12 |    1084144    1107824 |    1064062    1048201    1048445    1047965
proba14       |    11   48   18    8    1   20 |   15    8 |    2259652    2282308 |    2222305    2206777    2207023    2191472
proba02       |    11  255  113   14    1  126 |   20    7 |    3796491    3822475 |    3743460    3729433    3729686    3714062
bell_s10      |    11  256  120    8    1  126 |   11    4 |    3019696    3034160 |    3016993    2863870    2864118    2823642
bell_s30      |    11  256  116   12    1  126 |   15    4 |    3771431    3789479 |    3733171    3686052    3686295    3646349
bell_s80      |     9  256  123    4    1  127 |    3    0 |    4183827    4186515 |    4188076          0          0    4149253
uniform       |     8  256  126    1    1  127 |    0    0 |    4194304    4194304 |    4208640          0          0    4194312
english       |    10   30   12    3    1   13 |   12   10 |    2261956    2284228 |    2243265    2227841    2228088    2215515
zipfian       |    10  256  118    9    1  127 |   16    8 |    3331944    3355496 |    3294740    3280325    3280574    3259441
sparse_4      |     2    4    0    1    1    1 |    0    0 |    1048576    1048576 |    1062912    1048704    1048992    1048584
sparse_16     |     4   16    6    1    1    7 |    0    0 |    2097152    2097152 |    2111488    2097472    2097760    2097160
geometric     |    11  256  122    6    1  126 |    9    4 |    1310984    1323656 |    1393016    1051741    1051987    1057994
two_sym_eq    |     1    2    0    0    1    0 |    1    2 |     525312     528512 |     538624     524384     524672     524296
two_sym_90/10 |     1    2    0    0    1    0 |    1    2 |     254880     258080 |     538624     524384     524672     245846
flat_M3       |     3    8    2    1    1    3 |    0    0 |    1572864    1572864 |    1587200    1573056    1573344    1572872
flat_M5       |     5   32   14    1    1   15 |    0    0 |    2621440    2621440 |    2635776    2622016    2622304    2621448
flat_M6       |     6   64   30    1    1   31 |    0    0 |    3145728    3145728 |    3160064    3146816    3147104    3145736
flat_M7       |     7  128   62    1    1   63 |    0    0 |    3670016    3670016 |    3684352    3672128    3672416    3670024
html_wiki     |    11  197   90    9    1   96 |   21   13 |    3020120    3053912 |    2969239    2910766    2911016    2870339
prose_pride   |    11   96   46    4    1   44 |   19   16 |    2470747    2506203 |    2430573    2403707    2403956    2375005
image_jpeg    |    10  256  121    6    1  127 |    9    4 |    4182649    4195321 |    4167221    4152083    4152331    4135145
json_api      |    11   98   40    9    1   47 |   22   14 |    2815373    2851213 |    2762609    2744739    2744990    2724794
source_c      |    11   97   39   10    1   46 |   22   13 |    2685138    2719826 |    2630269    2613609    2613859    2599122
log_apache    |    11   85   35    9    1   39 |   21   13 |    2968262    3002054 |    2917020    2900952    2901203    2882117
dna_fasta     |    10   38   16    4    1   16 |    9    6 |    1122907    1137883 |    1203729    1188141    1188384    1090568
csv_numeric   |    11   54   23    5    1   24 |   18   14 |    1805211    1837467 |    1768037    1752132    1752380    1729751
gzip_random   |     8  256  126    1    1  127 |    0    0 |    4194304    4194304 |    4208640          0          0    4193336
chinese_text  |    11  151   70    7    1   72 |   17   11 |    3189872    3217776 |    3150777    3082517    3082761    3049381
calgary_pic   |    11  159   75    4    1   78 |   14   11 |     700825     726041 |     901887     875029     875271     634428
  Dmax=max Huffman code length; Lvs=# leaves; Ful/Flt/Hal/B2L=internal-node-type counts
  vIN/vLv = flat-aware VISIBLE internals/leaves (excludes nodes buried inside flat subtrees)
  +hdr_est = pivco_raw + (vIN*7 + vLv*9) * NBLOCKS/8 bits per-block table-encoding overhead
  Lower = better.  Original size = 4194304 bytes (4MB).

  5 runs of 400M symbols each (100x 4M), drop 2 slowest, warn if spread > 5%
  PIVCO/trad decode in 4096-symbol blocks
  huf0 uses 128KB chunks (its max block size)
  rANS decodes full 4M at once
  CPU freq drift: +1.2% (OK)
  Total wall time: 1039.1 seconds
