=== PIVCO-Huffman Benchmarks (PIVCO_MAX_CODE_LEN=11) ===
Sequence: 4M, Repeats: 100 (400M/run), Block: 4096, Runs: 5 (drop 2)
Distribution set: ALL (29 distributions)

DECODE M/s    | pivco_s pivco_n pivco_bu | trad_1s trad_4s | huf0_1s huf0_x1 huf0_x2 | rans_x2 |   ratio
--------------|-------------------------|-----------------|----------------------------|---------|--------
proba80       |     425    8070    8087       0 |     444     929 |     364    1081    1631 |     269 |  4.96x
proba50       |     130    4240    4235       0 |     410     806 |     364    1083    1615 |     230 |  2.63x
proba14       |     171    1624    1624       0 |     354     802 |     364     999    1530 |     234 |  1.06x
proba02       |     227    1245    1245       0 |     338     802 |     362     992     912 |     232 |  1.26x
bell_s10      |     334    2213    2213       0 |     337     803 |     362     992    1402 |     240 |  1.58x
bell_s30      |     222    1340    1340       0 |     337     802 |     362     992     866 |     236 |  1.35x
bell_s80      |     346    1504    1505       0 |     362     891 |       0       0       0 |     281 |  1.69x
uniform       |    1351    2967    2963       0 |     393     907 |       0       0       0 |     303 |  3.27x
english       |     232    1752    1753       0 |     358     861 |     363     993    1533 |     244 |  1.14x
zipfian       |     176    1400    1400       0 |     319     860 |     362     986    1104 |     196 |  1.27x
sparse_4      |    1356    2946    2945       0 |     462     931 |     364    1003    1619 |     331 |  1.82x
sparse_16     |    1355   24528   24519       0 |     435     928 |     363    1002    1606 |     319 | 15.27x
geometric     |     137    3750    3751       0 |     382     807 |     364     999    1576 |     228 |  2.38x
two_sym_eq    |     285   36419   36417       0 |     483     931 |     364     998    1622 |     336 | 22.45x
two_sym_90/10 |     820   36004   36245       0 |     484     931 |     364    1001    1635 |     300 | 22.17x
flat_M3       |    1205    2650    2650       0 |     451     929 |     364    1004    1625 |     325 |  1.63x
flat_M5       |    1135    2306    2306       0 |     425     924 |     364    1005    1571 |     316 |  1.47x
flat_M6       |    1107    2196    2197       0 |     411     921 |     364    1002    1498 |     312 |  1.47x
flat_M7       |    1043    2164    2163       0 |     400     916 |     364     998     833 |     308 |  2.17x
html_wiki     |     201    1245    1246       0 |     333     802 |     362     993    1312 |     214 |  0.95x
prose_pride   |     168    1564    1568       0 |     342     803 |     362     990    1452 |     223 |  1.08x
image_jpeg    |     306    1411    1412       0 |     358     859 |     362     991     798 |     278 |  1.42x
json_api      |     168    1312    1312       0 |     340     802 |     363     992    1391 |     211 |  0.94x
source_c      |     170    1513    1514       0 |     331     803 |     363     996    1340 |     196 |  1.13x
log_apache    |     205    1247    1247       0 |     344     802 |     363     995    1323 |     218 |  0.94x
dna_fasta     |     195    4539    4535       0 |     421     864 |     363    1007    1596 |     309 |  2.84x
csv_numeric   |     192    2200    2210       0 |     363     805 |     363     993    1533 |     205 |  1.44x
gzip_random   |    1352    2968    2967       0 |     393     908 |       0       0       0 |     305 |  3.27x
chinese_text  |     188    1503    1503       0 |     334     803 |     362     995    1204 |     218 |  1.25x
calgary_pic   |     462    3832    3827       0 |     420     807 |     362     991    1527 |     253 |  2.51x

=== Compression sizes (bytes for 4M input) ===
DIST          |  Dmax  Lvs  Ful  Flt  Hal  B2L |  vIN  vLv |  pivco_raw   +hdr_est |    trad_4s    huf0_1s    huf0_x2    rans_x2
--------------|-----------------------------|-----------|----------------------|-----------------------------------------------
proba80       |     5    6    3    0    1    1 |    5    6 |     670455     681847 |     671528     655561     655802     473736
proba50       |    11   12    9    0    1    1 |   11   12 |    1084144    1107824 |    1064062    1048201    1048445    1047965
proba14       |    11   48   18    8    1   20 |   15    8 |    2259652    2282308 |    2222305    2206777    2207023    2191472
proba02       |    11  255  113   14    1  126 |   20    7 |    3796491    3822475 |    3743460    3729433    3729686    3714062
bell_s10      |    11  256  120    8    1  126 |   11    4 |    3037689    3052153 |    3016993    2863870    2864118    2823642
bell_s30      |    11  256  116   12    1  126 |   15    4 |    3771431    3789479 |    3733171    3686052    3686295    3646349
bell_s80      |     9  256  123    4    1  127 |    3    0 |    4183827    4186515 |    4188076          0          0    4149253
uniform       |     8  256  126    1    1  127 |    0    0 |    4194304    4194304 |    4208640          0          0    4194312
english       |    10   30   12    3    1   13 |   12   10 |    2261956    2284228 |    2243265    2227841    2228088    2215515
zipfian       |    10  256  118    9    1  127 |   16    8 |    3331944    3355496 |    3294740    3280325    3280574    3259441
sparse_4      |     2    4    0    1    1    1 |    0    0 |    1048576    1048576 |    1062912    1048704    1048992    1048584
sparse_16     |     4   16    6    1    1    7 |    0    0 |    2097152    2097152 |    2111488    2097472    2097760    2097160
geometric     |    11  256  122    6    1  126 |    9    4 |    1408564    1421236 |    1393016    1051741    1051987    1057994
two_sym_eq    |     1    2    0    0    1    0 |    1    2 |     525312     528512 |     538624     524384     524672     524296
two_sym_90/10 |     1    2    0    0    1    0 |    1    2 |     525312     528512 |     538624     524384     524672     245846
flat_M3       |     3    8    2    1    1    3 |    0    0 |    1572864    1572864 |    1587200    1573056    1573344    1572872
flat_M5       |     5   32   14    1    1   15 |    0    0 |    2621440    2621440 |    2635776    2622016    2622304    2621448
flat_M6       |     6   64   30    1    1   31 |    0    0 |    3145728    3145728 |    3160064    3146816    3147104    3145736
flat_M7       |     7  128   62    1    1   63 |    0    0 |    3670016    3670016 |    3684352    3672128    3672416    3670024
html_wiki     |    11  197   90    9    1   96 |   21   13 |    3020120    3053912 |    2969239    2910766    2911016    2870339
prose_pride   |    11   96   46    4    1   44 |   19   16 |    2470747    2506203 |    2430573    2403707    2403956    2375005
image_jpeg    |    10  256  121    6    1  127 |    9    4 |    4182649    4195321 |    4167221    4152083    4152331    4135145
json_api      |    11   98   40    9    1   47 |   22   14 |    2815373    2851213 |    2762609    2744739    2744990    2724794
source_c      |    11   97   39   10    1   46 |   22   13 |    2685138    2719826 |    2630269    2613609    2613859    2599122
log_apache    |    11   85   35    9    1   39 |   21   13 |    2968262    3002054 |    2917020    2900952    2901203    2882117
dna_fasta     |    10   38   16    4    1   16 |    9    6 |    1207096    1222072 |    1203729    1188141    1188384    1090568
csv_numeric   |    11   54   23    5    1   24 |   18   14 |    1805211    1837467 |    1768037    1752132    1752380    1729751
gzip_random   |     8  256  126    1    1  127 |    0    0 |    4194304    4194304 |    4208640          0          0    4193336
chinese_text  |    11  151   70    7    1   72 |   17   11 |    3189872    3217776 |    3150777    3082517    3082761    3049381
calgary_pic   |    11  159   75    4    1   78 |   14   11 |     928200     953416 |     901887     875029     875271     634428
  Dmax=max Huffman code length; Lvs=# leaves; Ful/Flt/Hal/B2L=internal-node-type counts
  vIN/vLv = flat-aware VISIBLE internals/leaves (excludes nodes buried inside flat subtrees)
  +hdr_est = pivco_raw + (vIN*7 + vLv*9) * NBLOCKS/8 bits per-block table-encoding overhead
  Lower = better.  Original size = 4194304 bytes (4MB).

  5 runs of 400M symbols each (100x 4M), drop 2 slowest, warn if spread > 5%
  PIVCO/trad decode in 4096-symbol blocks
  huf0 uses 128KB chunks (its max block size)
  rANS decodes full 4M at once
  CPU freq drift: +0.4% (OK)
  Total wall time: 1036.4 seconds
