=== PIVCO-Huffman Benchmarks (PIVCO_MAX_CODE_LEN=11) ===
Sequence: 4M, Repeats: 100 (400M/run), Block: 8192, Runs: 5 (drop 2)
Distribution set: ALL (29 distributions)

DECODE M/s    | pivco_s pivco_n pivco_bu | trad_1s trad_4s | huf0_1s huf0_x1 huf0_x2 | rans_x2 |   ratio
--------------|-------------------------|-----------------|----------------------------|---------|--------
proba80       |     690    4223    4230       0 |     575    1744 |     396    1509    2894 |     359 |  1.46x
proba50       |     223    9854    9852       0 |     536    1574 |     395    1479    2791 |     299 |  3.53x
proba14       |     427    5510    5514       0 |     465    1555 |     394    1462    2683 |     300 |  2.05x
proba02       |     577    4809    4809       0 |     440    1536 |     395    1451    1576 |     297 |  3.05x
bell_s10      |     798    5621    5679       0 |     436    1501 |     384    1399    2385 |     298 |  2.38x
bell_s30      |     547    4437    4473       0 |     426    1498 |     386    1404    1450 |     294 |  2.99x
bell_s80      |     810    4464    4425       0 |     455    1592 |       0       0       0 |     361 |  2.80x
uniform       |    2411    5254    5259       0 |    1587    1618 |       0       0       0 |     420 |  3.25x
english       |     719    6357    6356       0 |     453    1565 |     390    1416    2576 |     305 |  2.47x
zipfian       |     414    4197    4276       0 |     403    1560 |     386    1398    1881 |     245 |  2.27x
sparse_4      |    2395   49555   48947       0 |    2614    1646 |    1148    3450    5194 |     465 |  9.54x
sparse_16     |    2389   48965   50129       0 |    2105    1637 |    1145    3178    4532 |     448 | 11.06x
geometric     |     232    4936    4912       0 |     489    1485 |     384    1431    2741 |     289 |  1.80x
two_sym_eq    |    2961   25907   25974       0 |    2950    1664 |     858    3433    5277 |     473 |  4.92x
two_sym_90/10 |    2005    5223    5217       0 |    2876    1651 |     857    3448    5074 |     385 |  1.03x
flat_M3       |    2277   22819   22763       0 |    2355    1630 |     875    3562    5438 |     461 |  4.20x
flat_M5       |    2071   24760   24405       0 |    1902    1641 |     883    3467    5197 |     443 |  4.76x
flat_M6       |    2089   20630   20628       0 |    1774    1642 |    1157    3420    4473 |     437 |  4.61x
flat_M7       |    1986    4958    4991       0 |    1652    1629 |     869    3458    2722 |     431 |  1.44x
html_wiki     |     497    4572    4465       0 |     426    1533 |     383    1457    2245 |     269 |  2.04x
prose_pride   |     474    4918    4986       0 |     436    1515 |     384    1416    2481 |     281 |  2.01x
image_jpeg    |     732    4227    4358       0 |     457    1568 |     386    1424    1392 |     357 |  2.78x
json_api      |     395    4378    4449       0 |     434    1521 |     384    1417    2371 |     264 |  1.88x
source_c      |     377    4954    4965       0 |     422    1509 |     383    1425    2311 |     244 |  2.15x
log_apache    |     513    4649    4608       0 |     443    1508 |     384    1419    2324 |     273 |  2.00x
dna_fasta     |     520    5859    5865       0 |     536    1557 |     385    1424    2722 |     397 |  2.15x
csv_numeric   |     540    6599    6640       0 |     462    1508 |     386    1418    2605 |     256 |  2.55x
gzip_random   |    2390    5197    5232       0 |    1574    1620 |       0       0       0 |     392 |  3.23x
chinese_text  |     470    5025    4989       0 |     435    1526 |     396    1443    2139 |     281 |  2.35x
calgary_pic   |     882    4222    4232       0 |     549    1551 |     394    1440    2606 |     331 |  1.62x

=== Compression sizes (bytes for 4M input) ===
DIST          |  Dmax  Lvs  Ful  Flt  Hal  B2L |  vIN  vLv |  pivco_raw   +hdr_est |    trad_4s    huf0_1s    huf0_x2    rans_x2
--------------|-----------------------------|-----------|----------------------|-----------------------------------------------
proba80       |     5    6    3    0    1    1 |    5    6 |     490626     496322 |     663499     655561     655802     473736
proba50       |    11   12    9    0    1    1 |   11   12 |    1066033    1077873 |    1056052    1048201    1048445    1047965
proba14       |    11   48   18    8    1   20 |   15    8 |    2232905    2244233 |    2214224    2206777    2207023    2191472
proba02       |    11  255  113   14    1  126 |   20    7 |    3761927    3774919 |    3735384    3729433    3729686    3714062
bell_s10      |    11  256  120    8    1  126 |   11    4 |    2999418    3006650 |    3008884    2863870    2864118    2823642
bell_s30      |    11  256  116   12    1  126 |   15    4 |    3744283    3753307 |    3725109    3686052    3686295    3646349
bell_s80      |     9  256  123    4    1  127 |    3    0 |    4177868    4179212 |    4180029          0          0    4149253
uniform       |     8  256  126    1    1  127 |    0    0 |    4194304    4194304 |    4201472          0          0    4194312
english       |    10   30   12    3    1   13 |   12   10 |    2244586    2255722 |    2235169    2227841    2228088    2215515
zipfian       |    10  256  118    9    1  127 |   16    8 |    3305239    3317015 |    3286667    3280325    3280574    3259441
sparse_4      |     2    4    0    1    1    1 |    0    0 |    1048576    1048576 |    1055744    1048704    1048992    1048584
sparse_16     |     4   16    6    1    1    7 |    0    0 |    2097152    2097152 |    2104320    2097472    2097760    2097160
geometric     |    11  256  122    6    1  126 |    9    4 |    1242899    1249235 |    1385006    1051741    1051987    1057994
two_sym_eq    |     1    2    0    0    1    0 |    1    2 |     524800     526400 |     531456     524384     524672     524296
two_sym_90/10 |     1    2    0    0    1    0 |    1    2 |     252154     253754 |     531456     524384     524672     245846
flat_M3       |     3    8    2    1    1    3 |    0    0 |    1572864    1572864 |    1580032    1573056    1573344    1572872
flat_M5       |     5   32   14    1    1   15 |    0    0 |    2621440    2621440 |    2628608    2622016    2622304    2621448
flat_M6       |     6   64   30    1    1   31 |    0    0 |    3145728    3145728 |    3152896    3146816    3147104    3145736
flat_M7       |     7  128   62    1    1   63 |    0    0 |    3670016    3670016 |    3677184    3672128    3672416    3670024
html_wiki     |    11  197   90    9    1   96 |   21   13 |    2986711    3003607 |    2961212    2910766    2911016    2870339
prose_pride   |    11   96   46    4    1   44 |   19   16 |    2442629    2460357 |    2422522    2403707    2403956    2375005
image_jpeg    |    10  256  121    6    1  127 |    9    4 |    4166845    4173181 |    4159142    4152083    4152331    4135145
json_api      |    11   98   40    9    1   47 |   22   14 |    2781025    2798945 |    2754549    2744739    2744990    2724794
source_c      |    11   97   39   10    1   46 |   22   13 |    2649784    2667128 |    2622199    2613609    2613859    2599122
log_apache    |    11   85   35    9    1   39 |   21   13 |    2934765    2951661 |    2908981    2900952    2901203    2882117
dna_fasta     |    10   38   16    4    1   16 |    9    6 |    1112396    1119884 |    1195610    1188141    1188384    1090568
csv_numeric   |    11   54   23    5    1   24 |   18   14 |    1778605    1794733 |    1760015    1752132    1752380    1729751
gzip_random   |     8  256  126    1    1  127 |    0    0 |    4194304    4194304 |    4201472          0          0    4193336
chinese_text  |    11  151   70    7    1   72 |   17   11 |    3162258    3176210 |    3142664    3082517    3082761    3049381
calgary_pic   |    11  159   75    4    1   78 |   14   11 |     677548     690156 |     893815     875029     875271     634428
  Dmax=max Huffman code length; Lvs=# leaves; Ful/Flt/Hal/B2L=internal-node-type counts
  vIN/vLv = flat-aware VISIBLE internals/leaves (excludes nodes buried inside flat subtrees)
  +hdr_est = pivco_raw + (vIN*7 + vLv*9) * NBLOCKS/8 bits per-block table-encoding overhead
  Lower = better.  Original size = 4194304 bytes (4MB).

  5 runs of 400M symbols each (100x 4M), drop 2 slowest, warn if spread > 5%
  PIVCO/trad decode in 8192-symbol blocks
  huf0 uses 128KB chunks (its max block size)
  rANS decodes full 4M at once
  WARNING: CPU freq dropped 57.1% (throttling?)
  Total wall time: 633.8 seconds
