=== PIVCO-Huffman Benchmarks (PIVCO_MAX_CODE_LEN=11) ===
Sequence: 4M, Repeats: 100 (400M/run), Block: 8192, Runs: 5 (drop 2)
Distribution set: ALL (29 distributions)

DECODE M/s    | pivco_s pivco_n pivco_bu | trad_1s trad_4s | huf0_1s huf0_x1 huf0_x2 | rans_x2 |   ratio
--------------|-------------------------|-----------------|----------------------------|---------|--------
proba80       |     408    2584    2585       0 |     393    1030 |     279    1049    1925 |     268 |  1.34x
proba50       |     146    5076    5086       0 |     367     901 |     279    1038    1937 |     226 |  2.63x
proba14       |     213    2628    2629       0 |     323     898 |     278    1040    1867 |     230 |  1.41x
proba02       |     245    2268    2273       0 |     304     895 |     278    1031    1117 |     229 |  2.03x
bell_s10      |     338    2718    2722       0 |     307     908 |     278    1032    1706 |     236 |  1.60x
bell_s30      |     239    2191    2193       0 |     304     897 |     278    1029    1058 |     234 |  2.07x
bell_s80      |     361    2158    2161       0 |     308     985 |       0       0       0 |     283 |  2.19x
uniform       |    1135    2399    2398       0 |     342    1001 |       0       0       0 |     312 |  2.40x
english       |     321    3077    3080       0 |     326     963 |     278    1037    1867 |     240 |  1.65x
zipfian       |     205    2113    2116       0 |     294     956 |     278    1029    1347 |     191 |  1.57x
sparse_4      |    1142   16654   16659       0 |     407    1027 |     279    1048    1944 |     329 |  8.57x
sparse_16     |    1134   15152   15149       0 |     381    1021 |     279    1050    1884 |     322 |  8.04x
geometric     |     152    3006    3013       0 |     346     900 |     279    1038    1932 |     225 |  1.56x
two_sym_eq    |    1602   12776   12783       0 |     420    1026 |     279    1045    1938 |     332 |  6.60x
two_sym_90/10 |    1136    3198    3198       0 |     420    1027 |     279    1046    1914 |     296 |  1.67x
flat_M3       |    1144    9031    8888       0 |     393    1024 |     279    1051    1942 |     325 |  4.65x
flat_M5       |    1080    9166    9169       0 |     372    1023 |     278    1050    1865 |     319 |  4.92x
flat_M6       |    1080    8821    8392       0 |     359    1020 |     278    1044    1712 |     316 |  5.15x
flat_M7       |    1033    2518    2524       0 |     352    1012 |     278    1045     983 |     313 |  2.42x
html_wiki     |     227    2181    2184       0 |     306     900 |     278    1032    1606 |     209 |  1.36x
prose_pride   |     228    2414    2418       0 |     314     897 |     278    1032    1779 |     218 |  1.36x
image_jpeg    |     324    2059    2058       0 |     311     953 |     278    1034     970 |     279 |  1.99x
json_api      |     199    2186    2188       0 |     311     899 |     278    1034    1688 |     206 |  1.30x
source_c      |     199    2409    2415       0 |     304     899 |     278    1036    1655 |     190 |  1.46x
log_apache    |     231    2254    2258       0 |     315     898 |     278    1036    1630 |     213 |  1.39x
dna_fasta     |     296    3221    3229       0 |     372     960 |     278    1043    1912 |     306 |  1.69x
csv_numeric   |     284    3264    3269       0 |     329     910 |     278    1037    1871 |     200 |  1.75x
gzip_random   |     985    2197    2193       0 |     342    1001 |       0       0       0 |     307 |  2.20x
chinese_text  |     227    2439    2441       0 |     305     906 |     278    1032    1485 |     213 |  1.64x
calgary_pic   |     475    2516    2519       0 |     374     911 |     278    1030    1839 |     250 |  1.37x

=== Compression sizes (bytes for 4M input) ===
DIST          |  Dmax  Lvs  Ful  Flt  Hal  B2L |  vIN  vLv |  pivco_raw   +hdr_est |    trad_4s    huf0_1s    huf0_x2    rans_x2
--------------|-----------------------------|-----------|----------------------|-----------------------------------------------
proba80       |     5    6    3    0    1    1 |    5    6 |     490626     496322 |     663499     655561     655802     473736
proba50       |    11   12    9    0    1    1 |   11   12 |    1066033    1077873 |    1056052    1048201    1048445    1047965
proba14       |    11   48   18    8    1   20 |   15    8 |    2232905    2244233 |    2214224    2206777    2207023    2191472
proba02       |    11  255  113   14    1  126 |   20    7 |    3761927    3774919 |    3735384    3729433    3729686    3714062
bell_s10      |    11  256  120    8    1  126 |   11    4 |    2999418    3006650 |    3008884    2863870    2864118    2823642
bell_s30      |    11  256  116   12    1  126 |   15    4 |    3744283    3753307 |    3725109    3686052    3686295    3646349
bell_s80      |     9  256  123    4    1  127 |    3    0 |    4177868    4179212 |    4180029          0          0    4149253
uniform       |     8  256  126    1    1  127 |    0    0 |    4194304    4194304 |    4201472          0          0    4194312
english       |    10   30   12    3    1   13 |   12   10 |    2244586    2255722 |    2235169    2227841    2228088    2215515
zipfian       |    10  256  118    9    1  127 |   16    8 |    3305239    3317015 |    3286667    3280325    3280574    3259441
sparse_4      |     2    4    0    1    1    1 |    0    0 |    1048576    1048576 |    1055744    1048704    1048992    1048584
sparse_16     |     4   16    6    1    1    7 |    0    0 |    2097152    2097152 |    2104320    2097472    2097760    2097160
geometric     |    11  256  122    6    1  126 |    9    4 |    1242899    1249235 |    1385006    1051741    1051987    1057994
two_sym_eq    |     1    2    0    0    1    0 |    1    2 |     524800     526400 |     531456     524384     524672     524296
two_sym_90/10 |     1    2    0    0    1    0 |    1    2 |     252154     253754 |     531456     524384     524672     245846
flat_M3       |     3    8    2    1    1    3 |    0    0 |    1572864    1572864 |    1580032    1573056    1573344    1572872
flat_M5       |     5   32   14    1    1   15 |    0    0 |    2621440    2621440 |    2628608    2622016    2622304    2621448
flat_M6       |     6   64   30    1    1   31 |    0    0 |    3145728    3145728 |    3152896    3146816    3147104    3145736
flat_M7       |     7  128   62    1    1   63 |    0    0 |    3670016    3670016 |    3677184    3672128    3672416    3670024
html_wiki     |    11  197   90    9    1   96 |   21   13 |    2986711    3003607 |    2961212    2910766    2911016    2870339
prose_pride   |    11   96   46    4    1   44 |   19   16 |    2442629    2460357 |    2422522    2403707    2403956    2375005
image_jpeg    |    10  256  121    6    1  127 |    9    4 |    4166845    4173181 |    4159142    4152083    4152331    4135145
json_api      |    11   98   40    9    1   47 |   22   14 |    2781025    2798945 |    2754549    2744739    2744990    2724794
source_c      |    11   97   39   10    1   46 |   22   13 |    2649784    2667128 |    2622199    2613609    2613859    2599122
log_apache    |    11   85   35    9    1   39 |   21   13 |    2934765    2951661 |    2908981    2900952    2901203    2882117
dna_fasta     |    10   38   16    4    1   16 |    9    6 |    1112396    1119884 |    1195610    1188141    1188384    1090568
csv_numeric   |    11   54   23    5    1   24 |   18   14 |    1778605    1794733 |    1760015    1752132    1752380    1729751
gzip_random   |     8  256  126    1    1  127 |    0    0 |    4194304    4194304 |    4201472          0          0    4193336
chinese_text  |    11  151   70    7    1   72 |   17   11 |    3162258    3176210 |    3142664    3082517    3082761    3049381
calgary_pic   |    11  159   75    4    1   78 |   14   11 |     677548     690156 |     893815     875029     875271     634428
  Dmax=max Huffman code length; Lvs=# leaves; Ful/Flt/Hal/B2L=internal-node-type counts
  vIN/vLv = flat-aware VISIBLE internals/leaves (excludes nodes buried inside flat subtrees)
  +hdr_est = pivco_raw + (vIN*7 + vLv*9) * NBLOCKS/8 bits per-block table-encoding overhead
  Lower = better.  Original size = 4194304 bytes (4MB).

  5 runs of 400M symbols each (100x 4M), drop 2 slowest, warn if spread > 5%
  PIVCO/trad decode in 8192-symbol blocks
  huf0 uses 128KB chunks (its max block size)
  rANS decodes full 4M at once
  CPU freq drift: +0.1% (OK)
  Total wall time: 1037.8 seconds
