=== PIVCO-Huffman Benchmarks (PIVCO_MAX_CODE_LEN=11) ===
Sequence: 4M, Repeats: 100 (400M/run), Block: 8192, Runs: 5 (drop 2)
Distribution set: ALL (29 distributions)

DECODE M/s    | pivco_s pivco_n pivco_bu | trad_1s trad_4s | huf0_1s huf0_x1 huf0_x2 | rans_x2 |   ratio
--------------|-------------------------|-----------------|----------------------------|---------|--------
proba80       |     329   22585   22581       0 |     471     798 |     323    1139    1930 |     301 | 11.70x
proba50       |     117   11060   11091       0 |     429     723 |     323    1143    1927 |     250 |  5.76x
proba14       |      75    5840    5849       0 |     372     722 |     323    1149    1862 |     254 |  3.14x
proba02       |      75    4386    4388       0 |     355     721 |     321    1131    1108 |     250 |  3.88x
bell_s10      |     121    7216    7240       0 |     352     721 |     321    1133    1722 |     260 |  4.20x
bell_s30      |      75    4691    4693       0 |     355     721 |     322    1134    1051 |     255 |  4.14x
bell_s80      |     126    4217    4202       0 |     390     775 |       0       0       0 |     312 |  5.44x
uniform       |    1541    4424    4415       0 |     444     786 |       0       0       0 |     349 |  5.63x
english       |      92    7882    7909       0 |     378     757 |     322    1143    1875 |     265 |  4.22x
zipfian       |      67    4586    4593       0 |     331     757 |     321    1132    1340 |     207 |  3.43x
sparse_4      |    1545   24005   24021       0 |     515     799 |     323    1138    1947 |     384 | 12.34x
sparse_16     |    1544   20024   20008       0 |     487     798 |     322    1146    1928 |     371 | 10.39x
geometric     |     121   10480   10503       0 |     396     722 |     323    1146    1925 |     249 |  5.46x
two_sym_eq    |     238   26587   26598       0 |     486     799 |     323    1128    1943 |     390 | 13.69x
two_sym_90/10 |     669   26542   26551       0 |     486     799 |     323    1124    1922 |     338 | 13.81x
flat_M3       |     816   21843   21834       0 |     501     799 |     323    1145    1937 |     377 | 11.28x
flat_M5       |     792   18466   18481       0 |     476     796 |     322    1149    1917 |     365 |  9.64x
flat_M6       |    1285   17146   17137       0 |     461     793 |     323    1147    1770 |     360 |  9.69x
flat_M7       |     862    3742    3727       0 |     452     791 |     322    1144     985 |     354 |  3.27x
html_wiki     |      72    4753    4765       0 |     350     721 |     321    1136    1608 |     230 |  2.96x
prose_pride   |      68    5692    5689       0 |     359     721 |     322    1135    1768 |     240 |  3.22x
image_jpeg    |     110    3888    3891       0 |     384     755 |     322    1132     975 |     308 |  3.44x
json_api      |      66    5012    5023       0 |     357     721 |     322    1138    1687 |     226 |  2.98x
source_c      |      74    5153    5159       0 |     345     722 |     322    1139    1647 |     207 |  3.13x
log_apache    |      71    4888    4899       0 |     366     722 |     322    1143    1628 |     234 |  3.01x
dna_fasta     |     114   13584   13615       0 |     445     758 |     322    1144    1920 |     353 |  7.09x
csv_numeric   |      94    7111    7156       0 |     378     722 |     322    1145    1861 |     220 |  3.84x
gzip_random   |    1541    4426    4416       0 |     443     786 |       0       0       0 |     343 |  5.63x
chinese_text  |      72    5614    5623       0 |     351     720 |     322    1137    1483 |     233 |  3.79x
calgary_pic   |     282    9699    9764       0 |     438     723 |     322    1128    1858 |     279 |  5.26x

=== Compression sizes (bytes for 4M input) ===
DIST          |  Dmax  Lvs  Ful  Flt  Hal  B2L |  vIN  vLv |  pivco_raw   +hdr_est |    trad_4s    huf0_1s    huf0_x2    rans_x2
--------------|-----------------------------|-----------|----------------------|-----------------------------------------------
proba80       |     5    6    3    0    1    1 |    5    6 |     662955     668651 |     663499     655561     655802     473736
proba50       |    11   12    9    0    1    1 |   11   12 |    1066033    1077873 |    1056052    1048201    1048445    1047965
proba14       |    11   48   18    8    1   20 |   15    8 |    2232905    2244233 |    2214224    2206777    2207023    2191472
proba02       |    11  255  113   14    1  126 |   20    7 |    3761927    3774919 |    3735384    3729433    3729686    3714062
bell_s10      |    11  256  120    8    1  126 |   11    4 |    3019471    3026703 |    3008884    2863870    2864118    2823642
bell_s30      |    11  256  116   12    1  126 |   15    4 |    3744283    3753307 |    3725109    3686052    3686295    3646349
bell_s80      |     9  256  123    4    1  127 |    3    0 |    4177868    4179212 |    4180029          0          0    4149253
uniform       |     8  256  126    1    1  127 |    0    0 |    4194304    4194304 |    4201472          0          0    4194312
english       |    10   30   12    3    1   13 |   12   10 |    2244586    2255722 |    2235169    2227841    2228088    2215515
zipfian       |    10  256  118    9    1  127 |   16    8 |    3305239    3317015 |    3286667    3280325    3280574    3259441
sparse_4      |     2    4    0    1    1    1 |    0    0 |    1048576    1048576 |    1055744    1048704    1048992    1048584
sparse_16     |     4   16    6    1    1    7 |    0    0 |    2097152    2097152 |    2104320    2097472    2097760    2097160
geometric     |    11  256  122    6    1  126 |    9    4 |    1392739    1399075 |    1385006    1051741    1051987    1057994
two_sym_eq    |     1    2    0    0    1    0 |    1    2 |     524800     526400 |     531456     524384     524672     524296
two_sym_90/10 |     1    2    0    0    1    0 |    1    2 |     524800     526400 |     531456     524384     524672     245846
flat_M3       |     3    8    2    1    1    3 |    0    0 |    1572864    1572864 |    1580032    1573056    1573344    1572872
flat_M5       |     5   32   14    1    1   15 |    0    0 |    2621440    2621440 |    2628608    2622016    2622304    2621448
flat_M6       |     6   64   30    1    1   31 |    0    0 |    3145728    3145728 |    3152896    3146816    3147104    3145736
flat_M7       |     7  128   62    1    1   63 |    0    0 |    3670016    3670016 |    3677184    3672128    3672416    3670024
html_wiki     |    11  197   90    9    1   96 |   21   13 |    2986711    3003607 |    2961212    2910766    2911016    2870339
prose_pride   |    11   96   46    4    1   44 |   19   16 |    2442629    2460357 |    2422522    2403707    2403956    2375005
image_jpeg    |    10  256  121    6    1  127 |    9    4 |    4166845    4173181 |    4159142    4152083    4152331    4135145
json_api      |    11   98   40    9    1   47 |   22   14 |    2781025    2798945 |    2754549    2744739    2744990    2724794
source_c      |    11   97   39   10    1   46 |   22   13 |    2649784    2667128 |    2622199    2613609    2613859    2599122
log_apache    |    11   85   35    9    1   39 |   21   13 |    2934765    2951661 |    2908981    2900952    2901203    2882117
dna_fasta     |    10   38   16    4    1   16 |    9    6 |    1198825    1206313 |    1195610    1188141    1188384    1090568
csv_numeric   |    11   54   23    5    1   24 |   18   14 |    1778605    1794733 |    1760015    1752132    1752380    1729751
gzip_random   |     8  256  126    1    1  127 |    0    0 |    4194304    4194304 |    4201472          0          0    4193336
chinese_text  |    11  151   70    7    1   72 |   17   11 |    3162258    3176210 |    3142664    3082517    3082761    3049381
calgary_pic   |    11  159   75    4    1   78 |   14   11 |     906967     919575 |     893815     875029     875271     634428
  Dmax=max Huffman code length; Lvs=# leaves; Ful/Flt/Hal/B2L=internal-node-type counts
  vIN/vLv = flat-aware VISIBLE internals/leaves (excludes nodes buried inside flat subtrees)
  +hdr_est = pivco_raw + (vIN*7 + vLv*9) * NBLOCKS/8 bits per-block table-encoding overhead
  Lower = better.  Original size = 4194304 bytes (4MB).

  5 runs of 400M symbols each (100x 4M), drop 2 slowest, warn if spread > 5%
  PIVCO/trad decode in 8192-symbol blocks
  huf0 uses 128KB chunks (its max block size)
  rANS decodes full 4M at once
  CPU freq drift: -0.2% (OK)
  Total wall time: 1238.4 seconds
