=== PIVCO-Huffman Benchmarks (PIVCO_MAX_CODE_LEN=11) ===
Sequence: 4M, Repeats: 100 (400M/run), Block: 8192, Runs: 5 (drop 2)
Distribution set: ALL (29 distributions)

DECODE M/s    | pivco_s pivco_n pivco_bu | trad_1s trad_4s | huf0_1s huf0_x1 huf0_x2 | rans_x2 |   ratio
--------------|-------------------------|-----------------|----------------------------|---------|--------
proba80       |     300    2912    2906       0 |     471     797 |     323    1144    1931 |     301 |  1.51x
proba50       |     117   11018   11048       0 |     428     723 |     323    1148    1930 |     250 |  5.72x
proba14       |      75    5808    5815       0 |     372     722 |     323    1148    1861 |     254 |  3.12x
proba02       |      75    4346    4360       0 |     355     720 |     321    1131    1109 |     250 |  3.85x
bell_s10      |     121    5506    5510       0 |     354     720 |     321    1131    1720 |     260 |  3.20x
bell_s30      |      75    4673    4671       0 |     355     720 |     322    1132    1050 |     255 |  4.13x
bell_s80      |     126    4181    4160       0 |     389     775 |       0       0       0 |     312 |  5.39x
uniform       |    1542    4418    4414       0 |     443     786 |       0       0       0 |     349 |  5.62x
english       |      92    7797    7821       0 |     378     756 |     322    1143    1876 |     265 |  4.17x
zipfian       |      67    4566    4571       0 |     331     756 |     321    1131    1340 |     207 |  3.41x
sparse_4      |    1545   24033   24035       0 |     515     799 |     323    1139    1950 |     384 | 12.32x
sparse_16     |    1544   20022   20043       0 |     487     798 |     322    1148    1931 |     371 | 10.38x
geometric     |     120    5453    5463       0 |     396     722 |     323    1147    1930 |     249 |  2.83x
two_sym_eq    |     238   26578   26604       0 |     487     800 |     323    1134    1943 |     391 | 13.69x
two_sym_90/10 |     575    3587    3586       0 |     486     799 |     323    1124    1923 |     338 |  1.87x
flat_M3       |     824   21833   21836       0 |     501     798 |     323    1145    1941 |     377 | 11.25x
flat_M5       |     794   18457   18458       0 |     476     795 |     322    1147    1922 |     365 |  9.60x
flat_M6       |    1287   17116   17145       0 |     462     794 |     322    1148    1771 |     360 |  9.68x
flat_M7       |     861    3742    3743       0 |     452     791 |     322    1144     984 |     354 |  3.27x
html_wiki     |      72    4727    4738       0 |     350     721 |     322    1136    1606 |     229 |  2.95x
prose_pride   |      68    5659    5670       0 |     359     721 |     322    1138    1768 |     241 |  3.21x
image_jpeg    |     110    3858    3863       0 |     384     756 |     322    1132     976 |     308 |  3.41x
json_api      |      66    5005    5016       0 |     357     720 |     322    1138    1688 |     226 |  2.97x
source_c      |      74    5117    5114       0 |     345     720 |     322    1142    1648 |     207 |  3.10x
log_apache    |      71    4873    4876       0 |     366     720 |     322    1140    1628 |     234 |  2.99x
dna_fasta     |     113    6278    6282       0 |     444     758 |     322    1142    1918 |     353 |  3.28x
csv_numeric   |      94    7030    7040       0 |     378     722 |     322    1144    1862 |     220 |  3.78x
gzip_random   |    1542    4426    4422       0 |     443     786 |       0       0       0 |     343 |  5.63x
chinese_text  |      72    5566    5597       0 |     351     721 |     322    1135    1482 |     233 |  3.78x
calgary_pic   |     263    2821    2828       0 |     438     723 |     322    1131    1860 |     280 |  1.52x

=== Compression sizes (bytes for 4M input) ===
DIST          |  Dmax  Lvs  Ful  Flt  Hal  B2L |  vIN  vLv |  pivco_raw   +hdr_est |    trad_4s    huf0_1s    huf0_x2    rans_x2
--------------|-----------------------------|-----------|----------------------|-----------------------------------------------
proba80       |     5    6    3    0    1    1 |    5    6 |     490626     496322 |     663499     655561     655802     473736
proba50       |    11   12    9    0    1    1 |   11   12 |    1066033    1077873 |    1056052    1048201    1048445    1047965
proba14       |    11   48   18    8    1   20 |   15    8 |    2232905    2244233 |    2214224    2206777    2207023    2191472
proba02       |    11  255  113   14    1  126 |   20    7 |    3761927    3774919 |    3735384    3729433    3729686    3714062
bell_s10      |    11  256  120    8    1  126 |   11    4 |    2999418    3006650 |    3008884    2863870    2864118    2823642
bell_s30      |    11  256  116   12    1  126 |   15    4 |    3744283    3753307 |    3725109    3686052    3686295    3646349
bell_s80      |     9  256  123    4    1  127 |    3    0 |    4177868    4179212 |    4180029          0          0    4149253
uniform       |     8  256  126    1    1  127 |    0    0 |    4194304    4194304 |    4201472          0          0    4194312
english       |    10   30   12    3    1   13 |   12   10 |    2244586    2255722 |    2235169    2227841    2228088    2215515
zipfian       |    10  256  118    9    1  127 |   16    8 |    3305239    3317015 |    3286667    3280325    3280574    3259441
sparse_4      |     2    4    0    1    1    1 |    0    0 |    1048576    1048576 |    1055744    1048704    1048992    1048584
sparse_16     |     4   16    6    1    1    7 |    0    0 |    2097152    2097152 |    2104320    2097472    2097760    2097160
geometric     |    11  256  122    6    1  126 |    9    4 |    1242899    1249235 |    1385006    1051741    1051987    1057994
two_sym_eq    |     1    2    0    0    1    0 |    1    2 |     524800     526400 |     531456     524384     524672     524296
two_sym_90/10 |     1    2    0    0    1    0 |    1    2 |     252154     253754 |     531456     524384     524672     245846
flat_M3       |     3    8    2    1    1    3 |    0    0 |    1572864    1572864 |    1580032    1573056    1573344    1572872
flat_M5       |     5   32   14    1    1   15 |    0    0 |    2621440    2621440 |    2628608    2622016    2622304    2621448
flat_M6       |     6   64   30    1    1   31 |    0    0 |    3145728    3145728 |    3152896    3146816    3147104    3145736
flat_M7       |     7  128   62    1    1   63 |    0    0 |    3670016    3670016 |    3677184    3672128    3672416    3670024
html_wiki     |    11  197   90    9    1   96 |   21   13 |    2986711    3003607 |    2961212    2910766    2911016    2870339
prose_pride   |    11   96   46    4    1   44 |   19   16 |    2442629    2460357 |    2422522    2403707    2403956    2375005
image_jpeg    |    10  256  121    6    1  127 |    9    4 |    4166845    4173181 |    4159142    4152083    4152331    4135145
json_api      |    11   98   40    9    1   47 |   22   14 |    2781025    2798945 |    2754549    2744739    2744990    2724794
source_c      |    11   97   39   10    1   46 |   22   13 |    2649784    2667128 |    2622199    2613609    2613859    2599122
log_apache    |    11   85   35    9    1   39 |   21   13 |    2934765    2951661 |    2908981    2900952    2901203    2882117
dna_fasta     |    10   38   16    4    1   16 |    9    6 |    1112396    1119884 |    1195610    1188141    1188384    1090568
csv_numeric   |    11   54   23    5    1   24 |   18   14 |    1778605    1794733 |    1760015    1752132    1752380    1729751
gzip_random   |     8  256  126    1    1  127 |    0    0 |    4194304    4194304 |    4201472          0          0    4193336
chinese_text  |    11  151   70    7    1   72 |   17   11 |    3162258    3176210 |    3142664    3082517    3082761    3049381
calgary_pic   |    11  159   75    4    1   78 |   14   11 |     677548     690156 |     893815     875029     875271     634428
  Dmax=max Huffman code length; Lvs=# leaves; Ful/Flt/Hal/B2L=internal-node-type counts
  vIN/vLv = flat-aware VISIBLE internals/leaves (excludes nodes buried inside flat subtrees)
  +hdr_est = pivco_raw + (vIN*7 + vLv*9) * NBLOCKS/8 bits per-block table-encoding overhead
  Lower = better.  Original size = 4194304 bytes (4MB).

  5 runs of 400M symbols each (100x 4M), drop 2 slowest, warn if spread > 5%
  PIVCO/trad decode in 8192-symbol blocks
  huf0 uses 128KB chunks (its max block size)
  rANS decodes full 4M at once
  CPU freq drift: +0.1% (OK)
  Total wall time: 1244.8 seconds
