=== PIVCO-Huffman Benchmarks (PIVCO_MAX_CODE_LEN=11) ===
Sequence: 4M, Repeats: 100 (400M/run), Block: 8192, Runs: 5 (drop 2)
Distribution set: ALL (29 distributions)

DECODE M/s    | pivco_s pivco_n pivco_bu | trad_1s trad_4s | huf0_1s huf0_x1 huf0_x2 | rans_x2 |   ratio
--------------|-------------------------|-----------------|----------------------------|---------|--------
proba80       |     457    8520    8523       0 |     393    1029 |     279    1049    1927 |     268 |  4.42x
proba50       |     146    5081    5095       0 |     366     900 |     279    1038    1935 |     226 |  2.63x
proba14       |     213    2627    2630       0 |     323     897 |     278    1042    1869 |     230 |  1.41x
proba02       |     245    2269    2271       0 |     304     894 |     278    1031    1117 |     229 |  2.03x
bell_s10      |     348    3175    3180       0 |     307     897 |     278    1032    1709 |     236 |  1.86x
bell_s30      |     239    2189    2192       0 |     304     894 |     278    1031    1060 |     233 |  2.07x
bell_s80      |     360    2163    2165       0 |     309     992 |       0       0       0 |     282 |  2.18x
uniform       |    1136    2401    2398       0 |     342    1000 |       0       0       0 |     312 |  2.40x
english       |     318    3078    3076       0 |     326     954 |     278    1037    1869 |     240 |  1.65x
zipfian       |     205    2114    2116       0 |     294     955 |     278    1030    1350 |     191 |  1.57x
sparse_4      |    1136   16691   16714       0 |     407    1026 |     279    1050    1945 |     329 |  8.59x
sparse_16     |    1139   15178   15165       0 |     381    1020 |     279    1052    1888 |     322 |  8.04x
geometric     |     154    4151    4155       0 |     346     899 |     279    1038    1935 |     225 |  2.15x
two_sym_eq    |    1613   12853   12860       0 |     420    1026 |     279    1047    1939 |     330 |  6.63x
two_sym_90/10 |    1613   12851   12856       0 |     420    1026 |     279    1046    1917 |     296 |  6.71x
flat_M3       |    1143    9907    9860       0 |     393    1024 |     279    1052    1944 |     325 |  5.10x
flat_M5       |    1080    9223    9195       0 |     372    1022 |     279    1051    1868 |     318 |  4.94x
flat_M6       |    1079    9295    9299       0 |     356    1019 |     279    1044    1712 |     316 |  5.43x
flat_M7       |    1032    2514    2519       0 |     352    1011 |     278    1045     984 |     313 |  2.41x
html_wiki     |     228    2183    2184       0 |     305     906 |     278    1032    1610 |     209 |  1.36x
prose_pride   |     227    2418    2417       0 |     314     895 |     278    1032    1784 |     218 |  1.36x
image_jpeg    |     323    2044    2011       0 |     310     948 |     278    1034     970 |     279 |  1.98x
json_api      |     199    2183    2179       0 |     311     898 |     278    1034    1689 |     206 |  1.29x
source_c      |     199    2421    2428       0 |     305     898 |     278    1035    1655 |     190 |  1.47x
log_apache    |     231    2255    2259       0 |     315     897 |     278    1036    1628 |     213 |  1.39x
dna_fasta     |     302    4511    4512       0 |     372     959 |     278    1043    1914 |     306 |  2.36x
csv_numeric   |     284    3258    3264       0 |     329     900 |     278    1037    1872 |     200 |  1.74x
gzip_random   |    1136    2397    2398       0 |     342     999 |       0       0       0 |     307 |  2.40x
chinese_text  |     226    2440    2442       0 |     305     897 |     278    1032    1487 |     213 |  1.64x
calgary_pic   |     530    5916    5926       0 |     375     901 |     278    1031    1839 |     250 |  3.22x

=== Compression sizes (bytes for 4M input) ===
DIST          |  Dmax  Lvs  Ful  Flt  Hal  B2L |  vIN  vLv |  pivco_raw   +hdr_est |    trad_4s    huf0_1s    huf0_x2    rans_x2
--------------|-----------------------------|-----------|----------------------|-----------------------------------------------
proba80       |     5    6    3    0    1    1 |    5    6 |     662955     668651 |     663499     655561     655802     473736
proba50       |    11   12    9    0    1    1 |   11   12 |    1066033    1077873 |    1056052    1048201    1048445    1047965
proba14       |    11   48   18    8    1   20 |   15    8 |    2232905    2244233 |    2214224    2206777    2207023    2191472
proba02       |    11  255  113   14    1  126 |   20    7 |    3761927    3774919 |    3735384    3729433    3729686    3714062
bell_s10      |    11  256  120    8    1  126 |   11    4 |    3019471    3026703 |    3008884    2863870    2864118    2823642
bell_s30      |    11  256  116   12    1  126 |   15    4 |    3744283    3753307 |    3725109    3686052    3686295    3646349
bell_s80      |     9  256  123    4    1  127 |    3    0 |    4177868    4179212 |    4180029          0          0    4149253
uniform       |     8  256  126    1    1  127 |    0    0 |    4194304    4194304 |    4201472          0          0    4194312
english       |    10   30   12    3    1   13 |   12   10 |    2244586    2255722 |    2235169    2227841    2228088    2215515
zipfian       |    10  256  118    9    1  127 |   16    8 |    3305239    3317015 |    3286667    3280325    3280574    3259441
sparse_4      |     2    4    0    1    1    1 |    0    0 |    1048576    1048576 |    1055744    1048704    1048992    1048584
sparse_16     |     4   16    6    1    1    7 |    0    0 |    2097152    2097152 |    2104320    2097472    2097760    2097160
geometric     |    11  256  122    6    1  126 |    9    4 |    1392739    1399075 |    1385006    1051741    1051987    1057994
two_sym_eq    |     1    2    0    0    1    0 |    1    2 |     524800     526400 |     531456     524384     524672     524296
two_sym_90/10 |     1    2    0    0    1    0 |    1    2 |     524800     526400 |     531456     524384     524672     245846
flat_M3       |     3    8    2    1    1    3 |    0    0 |    1572864    1572864 |    1580032    1573056    1573344    1572872
flat_M5       |     5   32   14    1    1   15 |    0    0 |    2621440    2621440 |    2628608    2622016    2622304    2621448
flat_M6       |     6   64   30    1    1   31 |    0    0 |    3145728    3145728 |    3152896    3146816    3147104    3145736
flat_M7       |     7  128   62    1    1   63 |    0    0 |    3670016    3670016 |    3677184    3672128    3672416    3670024
html_wiki     |    11  197   90    9    1   96 |   21   13 |    2986711    3003607 |    2961212    2910766    2911016    2870339
prose_pride   |    11   96   46    4    1   44 |   19   16 |    2442629    2460357 |    2422522    2403707    2403956    2375005
image_jpeg    |    10  256  121    6    1  127 |    9    4 |    4166845    4173181 |    4159142    4152083    4152331    4135145
json_api      |    11   98   40    9    1   47 |   22   14 |    2781025    2798945 |    2754549    2744739    2744990    2724794
source_c      |    11   97   39   10    1   46 |   22   13 |    2649784    2667128 |    2622199    2613609    2613859    2599122
log_apache    |    11   85   35    9    1   39 |   21   13 |    2934765    2951661 |    2908981    2900952    2901203    2882117
dna_fasta     |    10   38   16    4    1   16 |    9    6 |    1198825    1206313 |    1195610    1188141    1188384    1090568
csv_numeric   |    11   54   23    5    1   24 |   18   14 |    1778605    1794733 |    1760015    1752132    1752380    1729751
gzip_random   |     8  256  126    1    1  127 |    0    0 |    4194304    4194304 |    4201472          0          0    4193336
chinese_text  |    11  151   70    7    1   72 |   17   11 |    3162258    3176210 |    3142664    3082517    3082761    3049381
calgary_pic   |    11  159   75    4    1   78 |   14   11 |     906967     919575 |     893815     875029     875271     634428
  Dmax=max Huffman code length; Lvs=# leaves; Ful/Flt/Hal/B2L=internal-node-type counts
  vIN/vLv = flat-aware VISIBLE internals/leaves (excludes nodes buried inside flat subtrees)
  +hdr_est = pivco_raw + (vIN*7 + vLv*9) * NBLOCKS/8 bits per-block table-encoding overhead
  Lower = better.  Original size = 4194304 bytes (4MB).

  5 runs of 400M symbols each (100x 4M), drop 2 slowest, warn if spread > 5%
  PIVCO/trad decode in 8192-symbol blocks
  huf0 uses 128KB chunks (its max block size)
  rANS decodes full 4M at once
  CPU freq drift: +1.0% (OK)
  Total wall time: 1031.7 seconds
